0.0021508,0.0021508,0.0021508,0.0021508,0.0021508,0.0021508,0.0021508,0.0021508,0.0021508,0.0021508,0.0021508,0.0021508,0.0021508,0.0021508,0.0021508,0.0021508,0.0021508,0.0021508,0.0021508,0.0021508,0.0021508,0.0021508,0.0021508,0.0021508,0.0021508,0.0021508,0.0021508,0.0021508,0.0021508,0.0021508,0.0021508,0.0021508,0.0021508,0.0021508,0.0021508,0.0021508,0.0021508,0.0021508,0.0021508,0.0021508,0.0021508,0.0021508,0.0021508,0.0021508,0.0021508,0.0021508,0.0021508,0.0021508,0.0021508,0.0021508,0.0021508,0.0021508,0.0021508,0.0021508,0.0021508,0.0021508,0.0021508,0.0021508,0.0021508,0.0021508,0.0021508,0.0021508,0.0021508,0.0021508,0.0021508,0.0021508,0.0021508,0.0021508,0.0021508,0.0021508,0.0021508,0.0021508,0.0021508,0.0021508,0.0021508,0.0021508,0.0021508,0.0021508,0.0021508,0.0021508,0.0021508,0.0021508,0.0021508,0.0021508,0.0021508,0.0021508,0.0021508,0.0021508,0.0021508,0.0021508,0.0021508,0.0021508,0.0021508,0.0021508,0.0021508,0.0021508,0.0021508,0.0021508,0.0021508,0.0021508,0.0021508,0.0021508,0.0021508,0.0021508,0.0021508,0.0021508,0.0021508,0.0021508,0.0021508,0.0021508,0.0021508,0.0021508,0.0021508,0.0021508,0.0021508,0.0021508,0.0021508,0.0021508,0.0021508,0.0021508,0.0021508,0.0021508,0.0021508,0.0021508,0.0021508,0.0021508,0.0021508,0.0021508
0.0021508,0.0021508,0.0021508,0.0021508,0.0021508,0.0021508,0.0021508,0.0021508,0.0021508,0.0021508,0.0021508,0.0021508,0.0021508,0.0021508,0.0021508,0.0021508,0.0021508,0.0021508,0.0021508,0.0021508,0.0021508,0.0021508,0.0021508,0.0021508,0.0021508,0.0021508,0.0021508,0.0021508,0.0021508,0.0021508,0.0021508,0.0021508,0.0021508,0.0021508,0.0021508,0.0021508,0.0021508,0.0021508,0.0021508,0.0021508,0.0021508,0.0021508,0.0021508,0.0021508,0.0021508,0.0021508,0.0021508,0.0021508,0.0021508,0.0021508,0.0021508,0.0021508,0.0021508,0.0021508,0.0021508,0.0021508,0.0021508,0.0021508,0.0021508,0.0021508,0.0021508,0.0021508,0.0021508,0.0021508,0.0021508,0.0021508,0.0021508,0.0021508,0.0021508,0.0021508,0.0021508,0.0021508,0.0021508,0.0021508,0.0021508,0.0021508,0.0021508,0.0021508,0.0021508,0.0021508,0.0021508,0.0021508,0.0021508,0.0021508,0.0021508,0.0021508,0.0021508,0.0021508,0.0021508,0.0021508,0.0021508,0.0021508,0.0021508,0.0021508,0.0021508,0.0021508,0.0021508,0.0021508,0.0021508,0.0021508,0.0021508,0.0021508,0.0021508,0.0021508,0.0021508,0.0021508,0.0021508,0.0021508,0.0021508,0.0021508,0.0021508,0.0021508,0.0021508,0.0021508,0.0021508,0.0021508,0.0021508,0.0021508,0.0021508,0.0021508,0.0021508,0.0021508,0.0021508,0.0021508,0.0021508,0.0021508,0.0021508,0.0021508
0.0021508,0.0021508,0.0021508,0.0021508,0.0021508,0.0021508,0.0021508,0.0021508,0.0021508,0.0021508,0.0021508,0.0021508,0.0021508,0.0021508,0.0021508,0.0021508,0.0021508,0.0021508,0.0021508,0.0021508,0.0021508,0.0021508,0.0021508,0.0021508,0.0021508,0.0021508,0.0021508,0.0021508,0.0021508,0.0021508,0.0021508,0.0021508,0.0021508,0.0021508,0.0021508,0.0021508,0.0021508,0.0021508,0.0021508,0.0021508,0.0021508,0.0021508,0.0021508,0.0021508,0.0021508,0.0021508,0.0021508,0.0021508,0.0021508,0.0021508,0.0021508,0.0021508,0.0021508,0.0021508,0.0021508,0.0021508,0.0021508,0.0021508,0.0021508,0.0021508,0.0021508,0.0021508,0.0021508,0.0021508,0.0021508,0.0021508,0.0021508,0.0021508,0.0021508,0.0021508,0.0021508,0.0021508,0.0021508,0.0021508,0.0021508,0.0021508,0.0021508,0.0021508,0.0021508,0.0021508,0.0021508,0.0021508,0.0021508,0.0021508,0.0021508,0.0021508,0.0021508,0.0021508,0.0021508,0.0021508,0.0021508,0.0021508,0.0021508,0.0021508,0.0021508,0.0021508,0.0021508,0.0021508,0.0021508,0.0021508,0.0021508,0.0021508,0.0021508,0.0021508,0.0021508,0.0021508,0.0021508,0.0021508,0.0021508,0.0021508,0.0021508,0.0021508,0.0021508,0.0021508,0.0021508,0.0021508,0.0021508,0.0021508,0.0021508,0.0021508,0.0021508,0.0021508,0.0021508,0.0021508,0.0021508,0.0021508,0.0021508,0.0021508
0.0021508,0.0021508,0.0021508,0.0021508,0.0021508,0.0021508,0.0021508,0.0021508,0.0021508,0.0021508,0.0021508,0.0021508,0.0021508,0.0021508,0.0021508,0.0021508,0.0021508,0.0021508,0.0021508,0.0021508,0.0021508,0.0021508,0.0021508,0.0021508,0.0021508,0.0021508,0.0021508,0.0021508,0.0021508,0.0021508,0.0021508,0.0021508,0.0021508,0.0021508,0.0021508,0.0021508,0.0021508,0.0021508,0.0021508,0.0021508,0.0021508,0.0021508,0.0021508,0.0021508,0.0021508,0.0021508,0.0021508,0.0021508,0.0021508,0.0021508,0.0021508,0.0021508,0.0021508,0.0021508,0.0021508,0.0021508,0.0021508,0.0021508,0.0021508,0.0021508,0.0021508,0.0021508,0.0021508,0.0021508,0.0021508,0.0021508,0.0021508,0.0021508,0.0021508,0.0021508,0.0021508,0.0021508,0.0021508,0.0021508,0.0021508,0.0021508,0.0021508,0.0021508,0.0021508,0.0021508,0.0021508,0.0021508,0.0021508,0.0021508,0.0021508,0.0021508,0.0021508,0.0021508,0.0021508,0.0021508,0.0021508,0.0021508,0.0021508,0.0021508,0.0021508,0.0021508,0.0021508,0.0021508,0.0021508,0.0021508,0.0021508,0.0021508,0.0021508,0.0021508,0.0021508,0.0021508,0.0021508,0.0021508,0.0021508,0.0021508,0.0021508,0.0021508,0.0021508,0.0021508,0.0021508,0.0021508,0.0021508,0.0021508,0.0021508,0.0021508,0.0021508,0.0021508,0.0021508,0.0021508,0.0021508,0.0021508,0.0021508,0.0021508
0.0021508,0.0021508,0.0021508,0.0021508,0.0021508,0.0021508,0.0021508,0.0021508,0.0021508,0.0021508,0.0021508,0.0021508,0.0021508,0.0021508,0.0021508,0.0021508,0.0021508,0.0021508,0.0021508,0.0021508,0.0021508,0.0021508,0.0021508,0.0021508,0.0021508,0.0021508,0.0021508,0.0021508,0.0021508,0.0021508,0.0021508,0.0021508,0.0021508,0.0021508,0.0021508,0.0021508,0.0021508,0.0021508,0.0021508,0.0021508,0.0021508,0.0021508,0.0021508,0.0021508,0.0021508,0.0021508,0.0021508,0.0021508,0.0021508,0.0021508,0.0021508,0.0021508,0.0021508,0.0021508,0.0021508,0.0021508,0.0021508,0.0021508,0.0021508,0.0021508,0.0021508,0.0021508,0.0021508,0.0021508,0.0021508,0.0021508,0.0021508,0.0021508,0.0021508,0.0021508,0.0021508,0.0021508,0.0021508,0.0021508,0.0021508,0.0021508,0.0021508,0.0021508,0.0021508,0.0021508,0.0021508,0.0021508,0.0021508,0.0021508,0.0021508,0.0021508,0.0021508,0.0021508,0.0021508,0.0021508,0.0021508,0.0021508,0.0021508,0.0021508,0.0021508,0.0021508,0.0021508,0.0021508,0.0021508,0.0021508,0.0021508,0.0021508,0.0021508,0.0021508,0.0021508,0.0021508,0.0021508,0.0021508,0.0021508,0.0021508,0.0021508,0.0021508,0.0021508,0.0021508,0.0021508,0.0021508,0.0021508,0.0021508,0.0021508,0.0021508,0.0021508,0.0021508,0.0021508,0.0021508,0.0021508,0.0021508,0.0021508,0.0021508
0.0021508,0.0021508,0.0021508,0.0021508,0.0021508,0.0021508,0.0021508,0.0021508,0.0021508,0.0021508,0.0021508,0.0021508,0.0021508,0.0021508,0.0021508,0.0021508,0.0021508,0.0021508,0.0021508,0.0021508,0.0021508,0.0021508,0.0021508,0.0021508,0.0021508,0.0021508,0.0021508,0.0021508,0.0021508,0.0021508,0.0021508,0.0021508,0.0021508,0.0021508,0.0021508,0.0021508,0.0021508,0.0021508,0.0021508,0.0021508,0.0021508,0.0021508,0.0021508,0.0021508,0.0021508,0.0021508,0.0021508,0.0021508,0.0021508,0.0021508,0.0021508,0.0021508,0.0021508,0.0021508,0.0021508,0.0021508,0.0021508,0.0021508,0.0021508,0.0021508,0.0021508,0.0021508,0.0021508,0.0021508,0.0021508,0.0021508,0.0021508,0.0021508,0.0021508,0.0021508,0.0021508,0.0021508,0.0021508,0.0021508,0.0021508,0.0021508,0.0021508,0.0021508,0.0021508,0.0021508,0.0021508,0.0021508,0.0021508,0.0021508,0.0021508,0.0021508,0.0021508,0.0021508,0.0021508,0.0021508,0.0021508,0.0021508,0.0021508,0.0021508,0.0021508,0.0021508,0.0021508,0.0021508,0.0021508,0.0021508,0.0021508,0.0021508,0.0021508,0.0021508,0.0021508,0.0021508,0.0021508,0.0021508,0.0021508,0.0021508,0.0021508,0.0021508,0.0021508,0.0021508,0.0021508,0.0021508,0.0021508,0.0021508,0.0021508,0.0021508,0.0021508,0.0021508,0.0021508,0.0021508,0.0021508,0.0021508,0.0021508,0.0021508
0.0021508,0.0021508,0.0021508,0.0021508,0.0021508,0.0021508,0.0021508,0.0021508,0.0021508,0.0021508,0.0021508,0.0021508,0.0021508,0.0021508,0.0021508,0.0021508,0.0021508,0.0021508,0.0021508,0.0021508,0.0021508,0.0021508,0.0021508,0.0021508,0.0021508,0.0021508,0.0021508,0.0021508,0.0021508,0.0021508,0.0021508,0.0021508,0.0021508,0.0021508,0.0021508,0.0021508,0.0021508,0.0021508,0.0021508,0.0021508,0.0021508,0.0021508,0.0021508,0.0021508,0.0021508,0.0021508,0.0021508,0.0021508,0.0021508,0.0021508,0.0021508,0.0021508,0.0021508,0.0021508,0.0021508,0.0021508,0.0021508,0.0021508,0.0021508,0.0021508,0.0021508,0.0021508,0.0021508,0.0021508,0.0021508,0.0021508,0.0021508,0.0021508,0.0021508,0.0021508,0.0021508,0.0021508,0.0021508,0.0021508,0.0021508,0.0021508,0.0021508,0.0021508,0.0021508,0.0021508,0.0021508,0.0021508,0.0021508,0.0021508,0.0021508,0.0021508,0.0021508,0.0021508,0.0021508,0.0021508,0.0021508,0.0021508,0.0021508,0.0021508,0.0021508,0.0021508,0.0021508,0.0021508,0.0021508,0.0021508,0.0021508,0.0021508,0.0021508,0.0021508,0.0021508,0.0021508,0.0021508,0.0021508,0.0021508,0.0021508,0.0021508,0.0021508,0.0021508,0.0021508,0.0021508,0.0021508,0.0021508,0.0021508,0.0021508,0.0021508,0.0021508,0.0021508,0.0021508,0.0021508,0.0021508,0.0021508,0.0021508,0.0021508
0.0021508,0.0021508,0.0021508,0.0021508,0.0021508,0.0021508,0.0021508,0.0021508,0.0021508,0.0021508,0.0021508,0.0021508,0.0021508,0.0021508,0.0021508,0.0021508,0.0021508,0.0021508,0.0021508,0.0021508,0.0021508,0.0021508,0.0021508,0.0021508,0.0021508,0.0021508,0.0021508,0.0021508,0.0021508,0.0021508,0.0021508,0.0021508,0.0021508,0.0021508,0.0021508,0.0021508,0.0021508,0.0021508,0.0021508,0.0021508,0.0021508,0.0021508,0.0021508,0.0021508,0.0021508,0.0021508,0.0021508,0.0021508,0.0021508,0.0021508,0.0021508,0.0021508,0.0021508,0.0021508,0.0021508,0.0021508,0.0021508,0.0021508,0.0021508,0.0021508,0.0021508,0.0021508,0.0021508,0.0021508,0.0021508,0.0021508,0.0021508,0.0021508,0.0021508,0.0021508,0.0021508,0.0021508,0.0021508,0.0021508,0.0021508,0.0021508,0.0021508,0.0021508,0.0021508,0.0021508,0.0021508,0.0021508,0.0021508,0.0021508,0.0021508,0.0021508,0.0021508,0.0021508,0.0021508,0.0021508,0.0021508,0.0021508,0.0021508,0.0021508,0.0021508,0.0021508,0.0021508,0.0021508,0.0021508,0.0021508,0.0021508,0.0021508,0.0021508,0.0021508,0.0021508,0.0021508,0.0021508,0.0021508,0.0021508,0.0021508,0.0021508,0.0021508,0.0021508,0.0021508,0.0021508,0.0021508,0.0021508,0.0021508,0.0021508,0.0021508,0.0021508,0.0021508,0.0021508,0.0021508,0.0021508,0.0021508,0.0021508,0.0021508
0.0021508,0.0021508,0.0021508,0.0021508,0.0021508,0.0021508,0.0021508,0.0021508,0.0021508,0.0021508,0.0021508,0.0021508,0.0021508,0.0021508,0.0021508,0.0021508,0.0021508,0.0021508,0.0021508,0.0021508,0.0021508,0.0021508,0.0021508,0.0021508,0.0021508,0.0021508,0.0021508,0.0021508,0.0021508,0.0021508,0.0021508,0.0021508,0.0021508,0.0021508,0.0021508,0.0021508,0.0021508,0.0021508,0.0021508,0.0021508,0.0021508,0.0021508,0.0021508,0.0021508,0.0021508,0.0021508,0.0021508,0.0021508,0.0021508,0.0021508,0.0021508,0.0021508,0.0021508,0.0021508,0.0021508,0.0021508,0.0021508,0.0021508,0.0021508,0.0021508,0.0021508,0.0021508,0.0021508,0.0021508,0.0021508,0.0021508,0.0021508,0.0021508,0.0021508,0.0021508,0.0021508,0.0021508,0.0021508,0.0021508,0.0021508,0.0021508,0.0021508,0.0021508,0.0021508,0.0021508,0.0021508,0.0021508,0.0021508,0.0021508,0.0021508,0.0021508,0.0021508,0.0021508,0.0021508,0.0021508,0.0021508,0.0021508,0.0021508,0.0021508,0.0021508,0.0021508,0.0021508,0.0021508,0.0021508,0.0021508,0.0021508,0.0021508,0.0021508,0.0021508,0.0021508,0.0021508,0.0021508,0.0021508,0.0021508,0.0021508,0.0021508,0.0021508,0.0021508,0.0021508,0.0021508,0.0021508,0.0021508,0.0021508,0.0021508,0.0021508,0.0021508,0.0021508,0.0021508,0.0021508,0.0021508,0.0021508,0.0021508,0.0021508
0.0021508,0.0021508,0.0021508,0.0021508,0.0021508,0.0021508,0.0021508,0.0021508,0.0021508,0.0021508,0.0021508,0.0021508,0.0021508,0.0021508,0.0021508,0.0021508,0.0021508,0.0021508,0.0021508,0.0021508,0.0021508,0.0021508,0.0021508,0.0021508,0.0021508,0.0021508,0.0021508,0.0021508,0.0021508,0.0021508,0.0021508,0.0021508,0.0021508,0.0021508,0.0021508,0.0021508,0.0021508,0.0021508,0.0021508,0.0021508,0.0021508,0.0021508,0.0021508,0.0021508,0.0021508,0.0021508,0.0021508,0.0021508,0.0021508,0.0021508,0.0021508,0.0021508,0.0021508,0.0021508,0.0021508,0.0021508,0.0021508,0.0021508,0.0021508,0.0021508,0.0021508,0.0021508,0.0021508,0.0021508,0.0021508,0.0021508,0.0021508,0.0021508,0.0021508,0.0021508,0.0021508,0.0021508,0.0021508,0.0021508,0.0021508,0.0021508,0.0021508,0.0021508,0.0021508,0.0021508,0.0021508,0.0021508,0.0021508,0.0021508,0.0021508,0.0021508,0.0021508,0.0021508,0.0021508,0.0021508,0.0021508,0.0021508,0.0021508,0.0021508,0.0021508,0.0021508,0.0021508,0.0021508,0.0021508,0.0021508,0.0021508,0.0021508,0.0021508,0.0021508,0.0021508,0.0021508,0.0021508,0.0021508,0.0021508,0.0021508,0.0021508,0.0021508,0.0021508,0.0021508,0.0021508,0.0021508,0.0021508,0.0021508,0.0021508,0.0021508,0.0021508,0.0021508,0.0021508,0.0021508,0.0021508,0.0021508,0.0021508,0.0021508
0.0021508,0.0021508,0.0021508,0.0021508,0.0021508,0.0021508,0.0021508,0.0021508,0.0021508,0.0021508,0.0021508,0.0021508,0.0021508,0.0021508,0.0021508,0.0021508,0.0021508,0.0021508,0.0021508,0.0021508,0.0021508,0.0021508,0.0021508,0.0021508,0.0021508,0.0021508,0.0021508,0.0021508,0.0021508,0.0021508,0.0021508,0.0021508,0.0021508,0.0021508,0.0021508,0.0021508,0.0021508,0.0021508,0.0021508,0.0021508,0.0021508,0.0021508,0.0021508,0.0021508,0.0021508,0.0021508,0.0021508,0.0021508,0.0021508,0.0021508,0.0021508,0.0021508,0.0021508,0.0021508,0.0021508,0.0021508,0.0021508,0.0021508,0.0021508,0.0021508,0.0021508,0.0021508,0.0021508,0.0021508,0.0021508,0.0021508,0.0021508,0.0021508,0.0021508,0.0021508,0.0021508,0.0021508,0.0021508,0.0021508,0.0021508,0.0021508,0.0021508,0.0021508,0.0021508,0.0021508,0.0021508,0.0021508,0.0021508,0.0021508,0.0021508,0.0021508,0.0021508,0.0021508,0.0021508,0.0021508,0.0021508,0.0021508,0.0021508,0.0021508,0.0021508,0.0021508,0.0021508,0.0021508,0.0021508,0.0021508,0.0021508,0.0021508,0.0021508,0.0021508,0.0021508,0.0021508,0.0021508,0.0021508,0.0021508,0.0021508,0.0021508,0.0021508,0.0021508,0.0021508,0.0021508,0.0021508,0.0021508,0.0021508,0.0021508,0.0021508,0.0021508,0.0021508,0.0021508,0.0021508,0.0021508,0.0021508,0.0021508,0.0021508
0.0021508,0.0021508,0.0021508,0.0021508,0.0021508,0.0021508,0.0021508,0.0021508,0.0021508,0.0021508,0.0021508,0.0021508,0.0021508,0.0021508,0.0021508,0.0021508,0.0021508,0.0021508,0.0021508,0.0021508,0.0021508,0.0021508,0.0021508,0.0021508,0.0021508,0.0021508,0.0021508,0.0021508,0.0021508,0.0021508,0.0021508,0.0021508,0.0021508,0.0021508,0.0021508,0.0021508,0.0021508,0.0021508,0.0021508,0.0021508,0.0021508,0.0021508,0.0021508,0.0021508,0.0021508,0.0021508,0.0021508,0.0021508,0.0021508,0.0021508,0.0021508,0.0021508,0.0021508,0.0021508,0.0021508,0.0021508,0.0021508,0.0021508,0.0021508,0.0021508,0.0021508,0.0021508,0.0021508,0.0021508,0.0021508,0.0021508,0.0021508,0.0021508,0.0021508,0.0021508,0.0021508,0.0021508,0.0021508,0.0021508,0.0021508,0.0021508,0.0021508,0.0021508,0.0021508,0.0021508,0.0021508,0.0021508,0.0021508,0.0021508,0.0021508,0.0021508,0.0021508,0.0021508,0.0021508,0.0021508,0.0021508,0.0021508,0.0021508,0.0021508,0.0021508,0.0021508,0.0021508,0.0021508,0.0021508,0.0021508,0.0021508,0.0021508,0.0021508,0.0021508,0.0021508,0.0021508,0.0021508,0.0021508,0.0021508,0.0021508,0.0021508,0.0021508,0.0021508,0.0021508,0.0021508,0.0021508,0.0021508,0.0021508,0.0021508,0.0021508,0.0021508,0.0021508,0.0021508,0.0021508,0.0021508,0.0021508,0.0021508,0.0021508
0.0021508,0.0021508,0.0021508,0.0021508,0.0021508,0.0021508,0.0021508,0.0021508,0.0021508,0.0021508,0.0021508,0.0021508,0.0021508,0.0021508,0.0021508,0.0021508,0.0021508,0.0021508,0.0021508,0.0021508,0.0021508,0.0021508,0.0021508,0.0021508,0.0021508,0.0021508,0.0021508,0.0021508,0.0021508,0.0021508,0.0021508,0.0021508,0.0021508,0.0021508,0.0021508,0.0021508,0.0021508,0.0021508,0.0021508,0.0021508,0.0021508,0.0021508,0.0021508,0.0021508,0.0021508,0.0021508,0.0021508,0.0021508,0.0021508,0.0021508,0.0021508,0.0021508,0.0021508,0.0021508,0.0021508,0.0021508,0.0021508,0.0021508,0.0021508,0.0021508,0.0021508,0.0021508,0.0021508,0.0021508,0.0021508,0.0021508,0.0021508,0.0021508,0.0021508,0.0021508,0.0021508,0.0021508,0.0021508,0.0021508,0.0021508,0.0021508,0.0021508,0.0021508,0.0021508,0.0021508,0.0021508,0.0021508,0.0021508,0.0021508,0.0021508,0.0021508,0.0021508,0.0021508,0.0021508,0.0021508,0.0021508,0.0021508,0.0021508,0.0021508,0.0021508,0.0021508,0.0021508,0.0021508,0.0021508,0.0021508,0.0021508,0.0021508,0.0021508,0.0021508,0.0021508,0.0021508,0.0021508,0.0021508,0.0021508,0.0021508,0.0021508,0.0021508,0.0021508,0.0021508,0.0021508,0.0021508,0.0021508,0.0021508,0.0021508,0.0021508,0.0021508,0.0021508,0.0021508,0.0021508,0.0021508,0.0021508,0.0021508,0.0021508
0.0021508,0.0021508,0.0021508,0.0021508,0.0021508,0.0021508,0.0021508,0.0021508,0.0021508,0.0021508,0.0021508,0.0021508,0.0021508,0.0021508,0.0021508,0.0021508,0.0021508,0.0021508,0.0021508,0.0021508,0.0021508,0.0021508,0.0021508,0.0021508,0.0021508,0.0021508,0.0021508,0.0021508,0.0021508,0.0021508,0.0021508,0.0021508,0.0021508,0.0021508,0.0021508,0.0021508,0.0021508,0.0021508,0.0021508,0.0021508,0.0021508,0.0021508,0.0021508,0.0021508,0.0021508,0.0021508,0.0021508,0.0021508,0.0021508,0.0021508,0.0021508,0.0021508,0.0021508,0.0021508,0.0021508,0.0021508,0.0021508,0.0021508,0.0021508,0.0021508,0.0021508,0.0021508,0.0021508,0.0021508,0.0021508,0.0021508,0.0021508,0.0021508,0.0021508,0.0021508,0.0021508,0.0021508,0.0021508,0.0021508,0.0021508,0.0021508,0.0021508,0.0021508,0.0021508,0.0021508,0.0021508,0.0021508,0.0021508,0.0021508,0.0021508,0.0021508,0.0021508,0.0021508,0.0021508,0.0021508,0.0021508,0.0021508,0.0021508,0.0021508,0.0021508,0.0021508,0.0021508,0.0021508,0.0021508,0.0021508,0.0021508,0.0021508,0.0021508,0.0021508,0.0021508,0.0021508,0.0021508,0.0021508,0.0021508,0.0021508,0.0021508,0.0021508,0.0021508,0.0021508,0.0021508,0.0021508,0.0021508,0.0021508,0.0021508,0.0021508,0.0021508,0.0021508,0.0021508,0.0021508,0.0021508,0.0021508,0.0021508,0.0021508
0.0021508,0.0021508,0.0021508,0.0021508,0.0021508,0.0021508,0.0021508,0.0021508,0.0021508,0.0021508,0.0021508,0.0021508,0.0021508,0.0021508,0.0021508,0.0021508,0.0021508,0.0021508,0.0021508,0.0021508,0.0021508,0.0021508,0.0021508,0.0021508,0.0021508,0.0021508,0.0021508,0.0021508,0.0021508,0.0021508,0.0021508,0.0021508,0.0021508,0.0021508,0.0021508,0.0021508,0.0021508,0.0021508,0.0021508,0.0021508,0.0021508,0.0021508,0.0021508,0.0021508,0.0021508,0.0021508,0.0021508,0.0021508,0.0021508,0.0021508,0.0021508,0.0021508,0.0021508,0.0021508,0.0021508,0.0021508,0.0021508,0.0021508,0.0021508,0.0021508,0.0021508,0.0021508,0.0021508,0.0021508,0.0021508,0.0021508,0.0021508,0.0021508,0.0021508,0.0021508,0.0021508,0.0021508,0.0021508,0.0021508,0.0021508,0.0021508,0.0021508,0.0021508,0.0021508,0.0021508,0.0021508,0.0021508,0.0021508,0.0021508,0.0021508,0.0021508,0.0021508,0.0021508,0.0021508,0.0021508,0.0021508,0.0021508,0.0021508,0.0021508,0.0021508,0.0021508,0.0021508,0.0021508,0.0021508,0.0021508,0.0021508,0.0021508,0.0021508,0.0021508,0.0021508,0.0021508,0.0021508,0.0021508,0.0021508,0.0021508,0.0021508,0.0021508,0.0021508,0.0021508,0.0021508,0.0021508,0.0021508,0.0021508,0.0021508,0.0021508,0.0021508,0.0021508,0.0021508,0.0021508,0.0021508,0.0021508,0.0021508,0.0021508
0.0021508,0.0021508,0.0021508,0.0021508,0.0021508,0.0021508,0.0021508,0.0021508,0.0021508,0.0021508,0.0021508,0.0021508,0.0021508,0.0021508,0.0021508,0.0021508,0.0021508,0.0021508,0.0021508,0.0021508,0.0021508,0.0021508,0.0021508,0.0021508,0.0021508,0.0021508,0.0021508,0.0021508,0.0021508,0.0021508,0.0021508,0.0021508,0.0021508,0.0021508,0.0021508,0.0021508,0.0021508,0.0021508,0.0021508,0.0021508,0.0021508,0.0021508,0.0021508,0.0021508,0.0021508,0.0021508,0.0021508,0.0021508,0.0021508,0.0021508,0.0021508,0.0021508,0.0021508,0.0021508,0.0021508,0.0021508,0.0021508,0.0021508,0.0021508,0.0021508,0.0021508,0.0021508,0.0021508,0.0021508,0.0021508,0.0021508,0.0021508,0.0021508,0.0021508,0.0021508,0.0021508,0.0021508,0.0021508,0.0021508,0.0021508,0.0021508,0.0021508,0.0021508,0.0021508,0.0021508,0.0021508,0.0021508,0.0021508,0.0021508,0.0021508,0.0021508,0.0021508,0.0021508,0.0021508,0.0021508,0.0021508,0.0021508,0.0021508,0.0021508,0.0021508,0.0021508,0.0021508,0.0021508,0.0021508,0.0021508,0.0021508,0.0021508,0.0021508,0.0021508,0.0021508,0.0021508,0.0021508,0.0021508,0.0021508,0.0021508,0.0021508,0.0021508,0.0021508,0.0021508,0.0021508,0.0021508,0.0021508,0.0021508,0.0021508,0.0021508,0.0021508,0.0021508,0.0021508,0.0021508,0.0021508,0.0021508,0.0021508,0.0021508
0.0021508,0.0021508,0.0021508,0.0021508,0.0021508,0.0021508,0.0021508,0.0021508,0.0021508,0.0021508,0.0021508,0.0021508,0.0021508,0.0021508,0.0021508,0.0021508,0.0021508,0.0021508,0.0021508,0.0021508,0.0021508,0.0021508,0.0021508,0.0021508,0.0021508,0.0021508,0.0021508,0.0021508,0.0021508,0.0021508,0.0021508,0.0021508,0.0021508,0.0021508,0.0021508,0.0021508,0.0021508,0.0021508,0.0021508,0.0021508,0.0021508,0.0021508,0.0021508,0.0021508,0.0021508,0.0021508,0.0021508,0.0021508,0.0021508,0.0021508,0.0021508,0.0021508,0.0021508,0.0021508,0.0021508,0.0021508,0.0021508,0.0021508,0.0021508,0.0021508,0.0021508,0.0021508,0.0021508,0.0021508,0.0021508,0.0021508,0.0021508,0.0021508,0.0021508,0.0021508,0.0021508,0.0021508,0.0021508,0.0021508,0.0021508,0.0021508,0.0021508,0.0021508,0.0021508,0.0021508,0.0021508,0.0021508,0.0021508,0.0021508,0.0021508,0.0021508,0.0021508,0.0021508,0.0021508,0.0021508,0.0021508,0.0021508,0.0021508,0.0021508,0.0021508,0.0021508,0.0021508,0.0021508,0.0021508,0.0021508,0.0021508,0.0021508,0.0021508,0.0021508,0.0021508,0.0021508,0.0021508,0.0021508,0.0021508,0.0021508,0.0021508,0.0021508,0.0021508,0.0021508,0.0021508,0.0021508,0.0021508,0.0021508,0.0021508,0.0021508,0.0021508,0.0021508,0.0021508,0.0021508,0.0021508,0.0021508,0.0021508,0.0021508
0.0021508,0.0021508,0.0021508,0.0021508,0.0021508,0.0021508,0.0021508,0.0021508,0.0021508,0.0021508,0.0021508,0.0021508,0.0021508,0.0021508,0.0021508,0.0021508,0.0021508,0.0021508,0.0021508,0.0021508,0.0021508,0.0021508,0.0021508,0.0021508,0.0021508,0.0021508,0.0021508,0.0021508,0.0021508,0.0021508,0.0021508,0.0021508,0.0021508,0.0021508,0.0021508,0.0021508,0.0021508,0.0021508,0.0021508,0.0021508,0.0021508,0.0021508,0.0021508,0.0021508,0.0021508,0.0021508,0.0021508,0.0021508,0.0021508,0.0021508,0.0021508,0.0021508,0.0021508,0.0021508,0.0021508,0.0021508,0.0021508,0.0021508,0.0021508,0.0021508,0.0021508,0.0021508,0.0021508,0.0021508,0.0021508,0.0021508,0.0021508,0.0021508,0.0021508,0.0021508,0.0021508,0.0021508,0.0021508,0.0021508,0.0021508,0.0021508,0.0021508,0.0021508,0.0021508,0.0021508,0.0021508,0.0021508,0.0021508,0.0021508,0.0021508,0.0021508,0.0021508,0.0021508,0.0021508,0.0021508,0.0021508,0.0021508,0.0021508,0.0021508,0.0021508,0.0021508,0.0021508,0.0021508,0.0021508,0.0021508,0.0021508,0.0021508,0.0021508,0.0021508,0.0021508,0.0021508,0.0021508,0.0021508,0.0021508,0.0021508,0.0021508,0.0021508,0.0021508,0.0021508,0.0021508,0.0021508,0.0021508,0.0021508,0.0021508,0.0021508,0.0021508,0.0021508,0.0021508,0.0021508,0.0021508,0.0021508,0.0021508,0.0021508
0.0021508,0.0021508,0.0021508,0.0021508,0.0021508,0.0021508,0.0021508,0.0021508,0.0021508,0.0021508,0.0021508,0.0021508,0.0021508,0.0021508,0.0021508,0.0021508,0.0021508,0.0021508,0.0021508,0.0021508,0.0021508,0.0021508,0.0021508,0.0021508,0.0021508,0.0021508,0.0021508,0.0021508,0.0021508,0.0021508,0.0021508,0.0021508,0.0021508,0.0021508,0.0021508,0.0021508,0.0021508,0.0021508,0.0021508,0.0021508,0.0021508,0.0021508,0.0021508,0.0021508,0.0021508,0.0021508,0.0021508,0.0021508,0.0021508,0.0021508,0.0021508,0.0021508,0.0021508,0.0021508,0.0021508,0.0021508,0.0021508,0.0021508,0.0021508,0.0021508,0.0021508,0.0021508,0.0021508,0.0021508,0.0021508,0.0021508,0.0021508,0.0021508,0.0021508,0.0021508,0.0021508,0.0021508,0.0021508,0.0021508,0.0021508,0.0021508,0.0021508,0.0021508,0.0021508,0.0021508,0.0021508,0.0021508,0.0021508,0.0021508,0.0021508,0.0021508,0.0021508,0.0021508,0.0021508,0.0021508,0.0021508,0.0021508,0.0021508,0.0021508,0.0021508,0.0021508,0.0021508,0.0021508,0.0021508,0.0021508,0.0021508,0.0021508,0.0021508,0.0021508,0.0021508,0.0021508,0.0021508,0.0021508,0.0021508,0.0021508,0.0021508,0.0021508,0.0021508,0.0021508,0.0021508,0.0021508,0.0021508,0.0021508,0.0021508,0.0021508,0.0021508,0.0021508,0.0021508,0.0021508,0.0021508,0.0021508,0.0021508,0.0021508
0.0021508,0.0021508,0.0021508,0.0021508,0.0021508,0.0021508,0.0021508,0.0021508,0.0021508,0.0021508,0.0021508,0.0021508,0.0021508,0.0021508,0.0021508,0.0021508,0.0021508,0.0021508,0.0021508,0.0021508,0.0021508,0.0021508,0.0021508,0.0021508,0.0021508,0.0021508,0.0021508,0.0021508,0.0021508,0.0021508,0.0021508,0.0021508,0.0021508,0.0021508,0.0021508,0.0021508,0.0021508,0.0021508,0.0021508,0.0021508,0.0021508,0.0021508,0.0021508,0.0021508,0.0021508,0.0021508,0.0021508,0.0021508,0.0021508,0.0021508,0.0021508,0.0021508,0.0021508,0.0021508,0.0021508,0.0021508,0.0021508,0.0021508,0.0021508,0.0021508,0.0021508,0.0021508,0.0021508,0.0021508,0.0021508,0.0021508,0.0021508,0.0021508,0.0021508,0.0021508,0.0021508,0.0021508,0.0021508,0.0021508,0.0021508,0.0021508,0.0021508,0.0021508,0.0021508,0.0021508,0.0021508,0.0021508,0.0021508,0.0021508,0.0021508,0.0021508,0.0021508,0.0021508,0.0021508,0.0021508,0.0021508,0.0021508,0.0021508,0.0021508,0.0021508,0.0021508,0.0021508,0.0021508,0.0021508,0.0021508,0.0021508,0.0021508,0.0021508,0.0021508,0.0021508,0.0021508,0.0021508,0.0021508,0.0021508,0.0021508,0.0021508,0.0021508,0.0021508,0.0021508,0.0021508,0.0021508,0.0021508,0.0021508,0.0021508,0.0021508,0.0021508,0.0021508,0.0021508,0.0021508,0.0021508,0.0021508,0.0021508,0.0021508
0.0021508,0.0021508,0.0021508,0.0021508,0.0021508,0.0021508,0.0021508,0.0021508,0.0021508,0.0021508,0.0021508,0.0021508,0.0021508,0.0021508,0.0021508,0.0021508,0.0021508,0.0021508,0.0021508,0.0021508,0.0021508,0.0021508,0.0021508,0.0021508,0.0021508,0.0021508,0.0021508,0.0021508,0.0021508,0.0021508,0.0021508,0.0021508,0.0021508,0.0021508,0.0021508,0.0021508,0.0021508,0.0021508,0.0021508,0.0021508,0.0021508,0.0021508,0.0021508,0.0021508,0.0021508,0.0021508,0.0021508,0.0021508,0.0021508,0.0021508,0.0021508,0.0021508,0.0021508,0.0021508,0.0021508,0.0021508,0.0021508,0.0021508,0.0021508,0.0021508,0.0021508,0.0021508,0.0021508,0.0021508,0.0021508,0.0021508,0.0021508,0.0021508,0.0021508,0.0021508,0.0021508,0.0021508,0.0021508,0.0021508,0.0021508,0.0021508,0.0021508,0.0021508,0.0021508,0.0021508,0.0021508,0.0021508,0.0021508,0.0021508,0.0021508,0.0021508,0.0021508,0.0021508,0.0021508,0.0021508,0.0021508,0.0021508,0.0021508,0.0021508,0.0021508,0.0021508,0.0021508,0.0021508,0.0021508,0.0021508,0.0021508,0.0021508,0.0021508,0.0021508,0.0021508,0.0021508,0.0021508,0.0021508,0.0021508,0.0021508,0.0021508,0.0021508,0.0021508,0.0021508,0.0021508,0.0021508,0.0021508,0.0021508,0.0021508,0.0021508,0.0021508,0.0021508,0.0021508,0.0021508,0.0021508,0.0021508,0.0021508,0.0021508
0.0021508,0.0021508,0.0021508,0.0021508,0.0021508,0.0021508,0.0021508,0.0021508,0.0021508,0.0021508,0.0021508,0.0021508,0.0021508,0.0021508,0.0021508,0.0021508,0.0021508,0.0021508,0.0021508,0.0021508,0.0021508,0.0021508,0.0021508,0.0021508,0.0021508,0.0021508,0.0021508,0.0021508,0.0021508,0.0021508,0.0021508,0.0021508,0.0021508,0.0021508,0.0021508,0.0021508,0.0021508,0.0021508,0.0021508,0.0021508,0.0021508,0.0021508,0.0021508,0.0021508,0.0021508,0.0021508,0.0021508,0.0021508,0.0021508,0.0021508,0.0021508,0.0021508,0.0021508,0.0021508,0.0021508,0.0021508,0.0021508,0.0021508,0.0021508,0.0021508,0.0021508,0.0021508,0.0021508,0.0021508,0.0021508,0.0021508,0.0021508,0.0021508,0.0021508,0.0021508,0.0021508,0.0021508,0.0021508,0.0021508,0.0021508,0.0021508,0.0021508,0.0021508,0.0021508,0.0021508,0.0021508,0.0021508,0.0021508,0.0021508,0.0021508,0.0021508,0.0021508,0.0021508,0.0021508,0.0021508,0.0021508,0.0021508,0.0021508,0.0021508,0.0021508,0.0021508,0.0021508,0.0021508,0.0021508,0.0021508,0.0021508,0.0021508,0.0021508,0.0021508,0.0021508,0.0021508,0.0021508,0.0021508,0.0021508,0.0021508,0.0021508,0.0021508,0.0021508,0.0021508,0.0021508,0.0021508,0.0021508,0.0021508,0.0021508,0.0021508,0.0021508,0.0021508,0.0021508,0.0021508,0.0021508,0.0021508,0.0021508,0.0021508
0.0021508,0.0021508,0.0021508,0.0021508,0.0021508,0.0021508,0.0021508,0.0021508,0.0021508,0.0021508,0.0021508,0.0021508,0.0021508,0.0021508,0.0021508,0.0021508,0.0021508,0.0021508,0.0021508,0.0021508,0.0021508,0.0021508,0.0021508,0.0021508,0.0021508,0.0021508,0.0021508,0.0021508,0.0021508,0.0021508,0.0021508,0.0021508,0.0021508,0.0021508,0.0021508,0.0021508,0.0021508,0.0021508,0.0021508,0.0021508,0.0021508,0.0021508,0.0021508,0.0021508,0.0021508,0.0021508,0.0021508,0.0021508,0.0021508,0.0021508,0.0021508,0.0021508,0.0021508,0.0021508,0.0021508,0.0021508,0.0021508,0.0021508,0.0021508,0.0021508,0.0021508,0.0021508,0.0021508,0.0021508,0.0021508,0.0021508,0.0021508,0.0021508,0.0021508,0.0021508,0.0021508,0.0021508,0.0021508,0.0021508,0.0021508,0.0021508,0.0021508,0.0021508,0.0021508,0.0021508,0.0021508,0.0021508,0.0021508,0.0021508,0.0021508,0.0021508,0.0021508,0.0021508,0.0021508,0.0021508,0.0021508,0.0021508,0.0021508,0.0021508,0.0021508,0.0021508,0.0021508,0.0021508,0.0021508,0.0021508,0.0021508,0.0021508,0.0021508,0.0021508,0.0021508,0.0021508,0.0021508,0.0021508,0.0021508,0.0021508,0.0021508,0.0021508,0.0021508,0.0021508,0.0021508,0.0021508,0.0021508,0.0021508,0.0021508,0.0021508,0.0021508,0.0021508,0.0021508,0.0021508,0.0021508,0.0021508,0.0021508,0.0021508
0.0021508,0.0021508,0.0021508,0.0021508,0.0021508,0.0021508,0.0021508,0.0021508,0.0021508,0.0021508,0.0021508,0.0021508,0.0021508,0.0021508,0.0021508,0.0021508,0.0021508,0.0021508,0.0021508,0.0021508,0.0021508,0.0021508,0.0021508,0.0021508,0.0021508,0.0021508,0.0021508,0.0021508,0.0021508,0.0021508,0.0021508,0.0021508,0.0021508,0.0021508,0.0021508,0.0021508,0.0021508,0.0021508,0.0021508,0.0021508,0.0021508,0.0021508,0.0021508,0.0021508,0.0021508,0.0021508,0.0021508,0.0021508,0.0021508,0.0021508,0.0021508,0.0021508,0.0021508,0.0021508,0.0021508,0.0021508,0.0021508,0.0021508,0.0021508,0.0021508,0.0021508,0.0021508,0.0021508,0.0021508,0.0021508,0.0021508,0.0021508,0.0021508,0.0021508,0.0021508,0.0021508,0.0021508,0.0021508,0.0021508,0.0021508,0.0021508,0.0021508,0.0021508,0.0021508,0.0021508,0.0021508,0.0021508,0.0021508,0.0021508,0.0021508,0.0021508,0.0021508,0.0021508,0.0021508,0.0021508,0.0021508,0.0021508,0.0021508,0.0021508,0.0021508,0.0021508,0.0021508,0.0021508,0.0021508,0.0021508,0.0021508,0.0021508,0.0021508,0.0021508,0.0021508,0.0021508,0.0021508,0.0021508,0.0021508,0.0021508,0.0021508,0.0021508,0.0021508,0.0021508,0.0021508,0.0021508,0.0021508,0.0021508,0.0021508,0.0021508,0.0021508,0.0021508,0.0021508,0.0021508,0.0021508,0.0021508,0.0021508,0.0021508
0.0021508,0.0021508,0.0021508,0.0021508,0.0021508,0.0021508,0.0021508,0.0021508,0.0021508,0.0021508,0.0021508,0.0021508,0.0021508,0.0021508,0.0021508,0.0021508,0.0021508,0.0021508,0.0021508,0.0021508,0.0021508,0.0021508,0.0021508,0.0021508,0.0021508,0.0021508,0.0021508,0.0021508,0.0021508,0.0021508,0.0021508,0.0021508,0.0021508,0.0021508,0.0021508,0.0021508,0.0021508,0.0021508,0.0021508,0.0021508,0.0021508,0.0021508,0.0021508,0.0021508,0.0021508,0.0021508,0.0021508,0.0021508,0.0021508,0.0021508,0.0021508,0.0021508,0.0021508,0.0021508,0.0021508,0.0021508,0.0021508,0.0021508,0.0021508,0.0021508,0.0021508,0.0021508,0.0021508,0.0021508,0.0021508,0.0021508,0.0021508,0.0021508,0.0021508,0.0021508,0.0021508,0.0021508,0.0021508,0.0021508,0.0021508,0.0021508,0.0021508,0.0021508,0.0021508,0.0021508,0.0021508,0.0021508,0.0021508,0.0021508,0.0021508,0.0021508,0.0021508,0.0021508,0.0021508,0.0021508,0.0021508,0.0021508,0.0021508,0.0021508,0.0021508,0.0021508,0.0021508,0.0021508,0.0021508,0.0021508,0.0021508,0.0021508,0.0021508,0.0021508,0.0021508,0.0021508,0.0021508,0.0021508,0.0021508,0.0021508,0.0021508,0.0021508,0.0021508,0.0021508,0.0021508,0.0021508,0.0021508,0.0021508,0.0021508,0.0021508,0.0021508,0.0021508,0.0021508,0.0021508,0.0021508,0.0021508,0.0021508,0.0021508
0.0021508,0.0021508,0.0021508,0.0021508,0.0021508,0.0021508,0.0021508,0.0021508,0.0021508,0.0021508,0.0021508,0.0021508,0.0021508,0.0021508,0.0021508,0.0021508,0.0021508,0.0021508,0.0021508,0.0021508,0.0021508,0.0021508,0.0021508,0.0021508,0.0021508,0.0021508,0.0021508,0.0021508,0.0021508,0.0021508,0.0021508,0.0021508,0.0021508,0.0021508,0.0021508,0.0021508,0.0021508,0.0021508,0.0021508,0.0021508,0.0021508,0.0021508,0.0021508,0.0021508,0.0021508,0.0021508,0.0021508,0.0021508,0.0021508,0.0021508,0.0021508,0.0021508,0.0021508,0.0021508,0.0021508,0.0021508,0.0021508,0.0021508,0.0021508,0.0021508,0.0021508,0.0021508,0.0021508,0.0021508,0.0021508,0.0021508,0.0021508,0.0021508,0.0021508,0.0021508,0.0021508,0.0021508,0.0021508,0.0021508,0.0021508,0.0021508,0.0021508,0.0021508,0.0021508,0.0021508,0.0021508,0.0021508,0.0021508,0.0021508,0.0021508,0.0021508,0.0021508,0.0021508,0.0021508,0.0021508,0.0021508,0.0021508,0.0021508,0.0021508,0.0021508,0.0021508,0.0021508,0.0021508,0.0021508,0.0021508,0.0021508,0.0021508,0.0021508,0.0021508,0.0021508,0.0021508,0.0021508,0.0021508,0.0021508,0.0021508,0.0021508,0.0021508,0.0021508,0.0021508,0.0021508,0.0021508,0.0021508,0.0021508,0.0021508,0.0021508,0.0021508,0.0021508,0.0021508,0.0021508,0.0021508,0.0021508,0.0021508,0.0021508
0.0021508,0.0021508,0.0021508,0.0021508,0.0021508,0.0021508,0.0021508,0.0021508,0.0021508,0.0021508,0.0021508,0.0021508,0.0021508,0.0021508,0.0021508,0.0021508,0.0021508,0.0021508,0.0021508,0.0021508,0.0021508,0.0021508,0.0021508,0.0021508,0.0021508,0.0021508,0.0021508,0.0021508,0.0021508,0.0021508,0.0021508,0.0021508,0.0021508,0.0021508,0.0021508,0.0021508,0.0021508,0.0021508,0.0021508,0.0021508,0.0021508,0.0021508,0.0021508,0.0021508,0.0021508,0.0021508,0.0021508,0.0021508,0.0021508,0.0021508,0.0021508,0.0021508,0.0021508,0.0021508,0.0021508,0.0021508,0.0021508,0.0021508,0.0021508,0.0021508,0.0021508,0.0021508,0.0021508,0.0021508,0.0021508,0.0021508,0.0021508,0.0021508,0.0021508,0.0021508,0.0021508,0.0021508,0.0021508,0.0021508,0.0021508,0.0021508,0.0021508,0.0021508,0.0021508,0.0021508,0.0021508,0.0021508,0.0021508,0.0021508,0.0021508,0.0021508,0.0021508,0.0021508,0.0021508,0.0021508,0.0021508,0.0021508,0.0021508,0.0021508,0.0021508,0.0021508,0.0021508,0.0021508,0.0021508,0.0021508,0.0021508,0.0021508,0.0021508,0.0021508,0.0021508,0.0021508,0.0021508,0.0021508,0.0021508,0.0021508,0.0021508,0.0021508,0.0021508,0.0021508,0.0021508,0.0021508,0.0021508,0.0021508,0.0021508,0.0021508,0.0021508,0.0021508,0.0021508,0.0021508,0.0021508,0.0021508,0.0021508,0.0021508
0.0021508,0.0021508,0.0021508,0.0021508,0.0021508,0.0021508,0.0021508,0.0021508,0.0021508,0.0021508,0.0021508,0.0021508,0.0021508,0.0021508,0.0021508,0.0021508,0.0021508,0.0021508,0.0021508,0.0021508,0.0021508,0.0021508,0.0021508,0.0021508,0.0021508,0.0021508,0.0021508,0.0021508,0.0021508,0.0021508,0.0021508,0.0021508,0.0021508,0.0021508,0.0021508,0.0021508,0.0021508,0.0021508,0.0021508,0.0021508,0.0021508,0.0021508,0.0021508,0.0021508,0.0021508,0.0021508,0.0021508,0.0021508,0.0021508,0.0021508,0.0021508,0.0021508,0.0021508,0.0021508,0.0021508,0.0021508,0.0021508,0.0021508,0.0021508,0.0021508,0.0021508,0.0021508,0.0021508,0.0021508,0.0021508,0.0021508,0.0021508,0.0021508,0.0021508,0.0021508,0.0021508,0.0021508,0.0021508,0.0021508,0.0021508,0.0021508,0.0021508,0.0021508,0.0021508,0.0021508,0.0021508,0.0021508,0.0021508,0.0021508,0.0021508,0.0021508,0.0021508,0.0021508,0.0021508,0.0021508,0.0021508,0.0021508,0.0021508,0.0021508,0.0021508,0.0021508,0.0021508,0.0021508,0.0021508,0.0021508,0.0021508,0.0021508,0.0021508,0.0021508,0.0021508,0.0021508,0.0021508,0.0021508,0.0021508,0.0021508,0.0021508,0.0021508,0.0021508,0.0021508,0.0021508,0.0021508,0.0021508,0.0021508,0.0021508,0.0021508,0.0021508,0.0021508,0.0021508,0.0021508,0.0021508,0.0021508,0.0021508,0.0021508
0.0021508,0.0021508,0.0021508,0.0021508,0.0021508,0.0021508,0.0021508,0.0021508,0.0021508,0.0021508,0.0021508,0.0021508,0.0021508,0.0021508,0.0021508,0.0021508,0.0021508,0.0021508,0.0021508,0.0021508,0.0021508,0.0021508,0.0021508,0.0021508,0.0021508,0.0021508,0.0021508,0.0021508,0.0021508,0.0021508,0.0021508,0.0021508,0.0021508,0.0021508,0.0021508,0.0021508,0.0021508,0.0021508,0.0021508,0.0021508,0.0021508,0.0021508,0.0021508,0.0021508,0.0021508,0.0021508,0.0021508,0.0021508,0.0021508,0.0021508,0.0021508,0.0021508,0.0021508,0.0021508,0.0021508,0.0021508,0.0021508,0.0021508,0.0021508,0.0021508,0.0021508,0.0021508,0.0021508,0.0021508,0.0021508,0.0021508,0.0021508,0.0021508,0.0021508,0.0021508,0.0021508,0.0021508,0.0021508,0.0021508,0.0021508,0.0021508,0.0021508,0.0021508,0.0021508,0.0021508,0.0021508,0.0021508,0.0021508,0.0021508,0.0021508,0.0021508,0.0021508,0.0021508,0.0021508,0.0021508,0.0021508,0.0021508,0.0021508,0.0021508,0.0021508,0.0021508,0.0021508,0.0021508,0.0021508,0.0021508,0.0021508,0.0021508,0.0021508,0.0021508,0.0021508,0.0021508,0.0021508,0.0021508,0.0021508,0.0021508,0.0021508,0.0021508,0.0021508,0.0021508,0.0021508,0.0021508,0.0021508,0.0021508,0.0021508,0.0021508,0.0021508,0.0021508,0.0021508,0.0021508,0.0021508,0.0021508,0.0021508,0.0021508
0.0021508,0.0021508,0.0021508,0.0021508,0.0021508,0.0021508,0.0021508,0.0021508,0.0021508,0.0021508,0.0021508,0.0021508,0.0021508,0.0021508,0.0021508,0.0021508,0.0021508,0.0021508,0.0021508,0.0021508,0.0021508,0.0021508,0.0021508,0.0021508,0.0021508,0.0021508,0.0021508,0.0021508,0.0021508,0.0021508,0.0021508,0.0021508,0.0021508,0.0021508,0.0021508,0.0021508,0.0021508,0.0021508,0.0021508,0.0021508,0.0021508,0.0021508,0.0021508,0.0021508,0.0021508,0.0021508,0.0021508,0.0021508,0.0021508,0.0021508,0.0021508,0.0021508,0.0021508,0.0021508,0.0021508,0.0021508,0.0021508,0.0021508,0.0021508,0.0021508,0.0021508,0.0021508,0.0021508,0.0021508,0.0021508,0.0021508,0.0021508,0.0021508,0.0021508,0.0021508,0.0021508,0.0021508,0.0021508,0.0021508,0.0021508,0.0021508,0.0021508,0.0021508,0.0021508,0.0021508,0.0021508,0.0021508,0.0021508,0.0021508,0.0021508,0.0021508,0.0021508,0.0021508,0.0021508,0.0021508,0.0021508,0.0021508,0.0021508,0.0021508,0.0021508,0.0021508,0.0021508,0.0021508,0.0021508,0.0021508,0.0021508,0.0021508,0.0021508,0.0021508,0.0021508,0.0021508,0.0021508,0.0021508,0.0021508,0.0021508,0.0021508,0.0021508,0.0021508,0.0021508,0.0021508,0.0021508,0.0021508,0.0021508,0.0021508,0.0021508,0.0021508,0.0021508,0.0021508,0.0021508,0.0021508,0.0021508,0.0021508,0.0021508
0.0021508,0.0021508,0.0021508,0.0021508,0.0021508,0.0021508,0.0021508,0.0021508,0.0021508,0.0021508,0.0021508,0.0021508,0.0021508,0.0021508,0.0021508,0.0021508,0.0021508,0.0021508,0.0021508,0.0021508,0.0021508,0.0021508,0.0021508,0.0021508,0.0021508,0.0021508,0.0021508,0.0021508,0.0021508,0.0021508,0.0021508,0.0021508,0.0021508,0.0021508,0.0021508,0.0021508,0.0021508,0.0021508,0.0021508,0.0021508,0.0021508,0.0021508,0.0021508,0.0021508,0.0021508,0.0021508,0.0021508,0.0021508,0.0021508,0.0021508,0.0021508,0.0021508,0.0021508,0.0021508,0.0021508,0.0021508,0.0021508,0.0021508,0.0021508,0.0021508,0.0021508,0.0021508,0.0021508,0.0021508,0.0021508,0.0021508,0.0021508,0.0021508,0.0021508,0.0021508,0.0021508,0.0021508,0.0021508,0.0021508,0.0021508,0.0021508,0.0021508,0.0021508,0.0021508,0.0021508,0.0021508,0.0021508,0.0021508,0.0021508,0.0021508,0.0021508,0.0021508,0.0021508,0.0021508,0.0021508,0.0021508,0.0021508,0.0021508,0.0021508,0.0021508,0.0021508,0.0021508,0.0021508,0.0021508,0.0021508,0.0021508,0.0021508,0.0021508,0.0021508,0.0021508,0.0021508,0.0021508,0.0021508,0.0021508,0.0021508,0.0021508,0.0021508,0.0021508,0.0021508,0.0021508,0.0021508,0.0021508,0.0021508,0.0021508,0.0021508,0.0021508,0.0021508,0.0021508,0.0021508,0.0021508,0.0021508,0.0021508,0.0021508
0.0021508,0.0021508,0.0021508,0.0021508,0.0021508,0.0021508,0.0021508,0.0021508,0.0021508,0.0021508,0.0021508,0.0021508,0.0021508,0.0021508,0.0021508,0.0021508,0.0021508,0.0021508,0.0021508,0.0021508,0.0021508,0.0021508,0.0021508,0.0021508,0.0021508,0.0021508,0.0021508,0.0021508,0.0021508,0.0021508,0.0021508,0.0021508,0.0021508,0.0021508,0.0021508,0.0021508,0.0021508,0.0021508,0.0021508,0.0021508,0.0021508,0.0021508,0.0021508,0.0021508,0.0021508,0.0021508,0.0021508,0.0021508,0.0021508,0.0021508,0.0021508,0.0021508,0.0021508,0.0021508,0.0021508,0.0021508,0.0021508,0.0021508,0.0021508,0.0021508,0.0021508,0.0021508,0.0021508,0.0021508,0.0021508,0.0021508,0.0021508,0.0021508,0.0021508,0.0021508,0.0021508,0.0021508,0.0021508,0.0021508,0.0021508,0.0021508,0.0021508,0.0021508,0.0021508,0.0021508,0.0021508,0.0021508,0.0021508,0.0021508,0.0021508,0.0021508,0.0021508,0.0021508,0.0021508,0.0021508,0.0021508,0.0021508,0.0021508,0.0021508,0.0021508,0.0021508,0.0021508,0.0021508,0.0021508,0.0021508,0.0021508,0.0021508,0.0021508,0.0021508,0.0021508,0.0021508,0.0021508,0.0021508,0.0021508,0.0021508,0.0021508,0.0021508,0.0021508,0.0021508,0.0021508,0.0021508,0.0021508,0.0021508,0.0021508,0.0021508,0.0021508,0.0021508,0.0021508,0.0021508,0.0021508,0.0021508,0.0021508,0.0021508
0.0021508,0.0021508,0.0021508,0.0021508,0.0021508,0.0021508,0.0021508,0.0021508,0.0021508,0.0021508,0.0021508,0.0021508,0.0021508,0.0021508,0.0021508,0.0021508,0.0021508,0.0021508,0.0021508,0.0021508,0.0021508,0.0021508,0.0021508,0.0021508,0.0021508,0.0021508,0.0021508,0.0021508,0.0021508,0.0021508,0.0021508,0.0021508,0.0021508,0.0021508,0.0021508,0.0021508,0.0021508,0.0021508,0.0021508,0.0021508,0.0021508,0.0021508,0.0021508,0.0021508,0.0021508,0.0021508,0.0021508,0.0021508,0.0021508,0.0021508,0.0021508,0.0021508,0.0021508,0.0021508,0.0021508,0.0021508,0.0021508,0.0021508,0.0021508,0.0021508,0.0021508,0.0021508,0.0021508,0.0021508,0.0021508,0.0021508,0.0021508,0.0021508,0.0021508,0.0021508,0.0021508,0.0021508,0.0021508,0.0021508,0.0021508,0.0021508,0.0021508,0.0021508,0.0021508,0.0021508,0.0021508,0.0021508,0.0021508,0.0021508,0.0021508,0.0021508,0.0021508,0.0021508,0.0021508,0.0021508,0.0021508,0.0021508,0.0021508,0.0021508,0.0021508,0.0021508,0.0021508,0.0021508,0.0021508,0.0021508,0.0021508,0.0021508,0.0021508,0.0021508,0.0021508,0.0021508,0.0021508,0.0021508,0.0021508,0.0021508,0.0021508,0.0021508,0.0021508,0.0021508,0.0021508,0.0021508,0.0021508,0.0021508,0.0021508,0.0021508,0.0021508,0.0021508,0.0021508,0.0021508,0.0021508,0.0021508,0.0021508,0.0021508
0.0021508,0.0021508,0.0021508,0.0021508,0.0021508,0.0021508,0.0021508,0.0021508,0.0021508,0.0021508,0.0021508,0.0021508,0.0021508,0.0021508,0.0021508,0.0021508,0.0021508,0.0021508,0.0021508,0.0021508,0.0021508,0.0021508,0.0021508,0.0021508,0.0021508,0.0021508,0.0021508,0.0021508,0.0021508,0.0021508,0.0021508,0.0021508,0.0021508,0.0021508,0.0021508,0.0021508,0.0021508,0.0021508,0.0021508,0.0021508,0.0021508,0.0021508,0.0021508,0.0021508,0.0021508,0.0021508,0.0021508,0.0021508,0.0021508,0.0021508,0.0021508,0.0021508,0.0021508,0.0021508,0.0021508,0.0021508,0.0021508,0.0021508,0.0021508,0.0021508,0.0021508,0.0021508,0.0021508,0.0021508,0.0021508,0.0021508,0.0021508,0.0021508,0.0021508,0.0021508,0.0021508,0.0021508,0.0021508,0.0021508,0.0021508,0.0021508,0.0021508,0.0021508,0.0021508,0.0021508,0.0021508,0.0021508,0.0021508,0.0021508,0.0021508,0.0021508,0.0021508,0.0021508,0.0021508,0.0021508,0.0021508,0.0021508,0.0021508,0.0021508,0.0021508,0.0021508,0.0021508,0.0021508,0.0021508,0.0021508,0.0021508,0.0021508,0.0021508,0.0021508,0.0021508,0.0021508,0.0021508,0.0021508,0.0021508,0.0021508,0.0021508,0.0021508,0.0021508,0.0021508,0.0021508,0.0021508,0.0021508,0.0021508,0.0021508,0.0021508,0.0021508,0.0021508,0.0021508,0.0021508,0.0021508,0.0021508,0.0021508,0.0021508
0.0021508,0.0021508,0.0021508,0.0021508,0.0021508,0.0021508,0.0021508,0.0021508,0.0021508,0.0021508,0.0021508,0.0021508,0.0021508,0.0021508,0.0021508,0.0021508,0.0021508,0.0021508,0.0021508,0.0021508,0.0021508,0.0021508,0.0021508,0.0021508,0.0021508,0.0021508,0.0021508,0.0021508,0.0021508,0.0021508,0.0021508,0.0021508,0.0021508,0.0021508,0.0021508,0.0021508,0.0021508,0.0021508,0.0021508,0.0021508,0.0021508,0.0021508,0.0021508,0.0021508,0.0021508,0.0021508,0.0021508,0.0021508,0.0021508,0.0021508,0.0021508,0.0021508,0.0021508,0.0021508,0.0021508,0.0021508,0.0021508,0.0021508,0.0021508,0.0021508,0.0021508,0.0021508,0.0021508,0.0021508,0.0021508,0.0021508,0.0021508,0.0021508,0.0021508,0.0021508,0.0021508,0.0021508,0.0021508,0.0021508,0.0021508,0.0021508,0.0021508,0.0021508,0.0021508,0.0021508,0.0021508,0.0021508,0.0021508,0.0021508,0.0021508,0.0021508,0.0021508,0.0021508,0.0021508,0.0021508,0.0021508,0.0021508,0.0021508,0.0021508,0.0021508,0.0021508,0.0021508,0.0021508,0.0021508,0.0021508,0.0021508,0.0021508,0.0021508,0.0021508,0.0021508,0.0021508,0.0021508,0.0021508,0.0021508,0.0021508,0.0021508,0.0021508,0.0021508,0.0021508,0.0021508,0.0021508,0.0021508,0.0021508,0.0021508,0.0021508,0.0021508,0.0021508,0.0021508,0.0021508,0.0021508,0.0021508,0.0021508,0.0021508
0.0021508,0.0021508,0.0021508,0.0021508,0.0021508,0.0021508,0.0021508,0.0021508,0.0021508,0.0021508,0.0021508,0.0021508,0.0021508,0.0021508,0.0021508,0.0021508,0.0021508,0.0021508,0.0021508,0.0021508,0.0021508,0.0021508,0.0021508,0.0021508,0.0021508,0.0021508,0.0021508,0.0021508,0.0021508,0.0021508,0.0021508,0.0021508,0.0021508,0.0021508,0.0021508,0.0021508,0.0021508,0.0021508,0.0021508,0.0021508,0.0021508,0.0021508,0.0021508,0.0021508,0.0021508,0.0021508,0.0021508,0.0021508,0.0021508,0.0021508,0.0021508,0.0021508,0.0021508,0.0021508,0.0021508,0.0021508,0.0021508,0.0021508,0.0021508,0.0021508,0.0021508,0.0021508,0.0021508,0.0021508,0.0021508,0.0021508,0.0021508,0.0021508,0.0021508,0.0021508,0.0021508,0.0021508,0.0021508,0.0021508,0.0021508,0.0021508,0.0021508,0.0021508,0.0021508,0.0021508,0.0021508,0.0021508,0.0021508,0.0021508,0.0021508,0.0021508,0.0021508,0.0021508,0.0021508,0.0021508,0.0021508,0.0021508,0.0021508,0.0021508,0.0021508,0.0021508,0.0021508,0.0021508,0.0021508,0.0021508,0.0021508,0.0021508,0.0021508,0.0021508,0.0021508,0.0021508,0.0021508,0.0021508,0.0021508,0.0021508,0.0021508,0.0021508,0.0021508,0.0021508,0.0021508,0.0021508,0.0021508,0.0021508,0.0021508,0.0021508,0.0021508,0.0021508,0.0021508,0.0021508,0.0021508,0.0021508,0.0021508,0.0021508
0.0021508,0.0021508,0.0021508,0.0021508,0.0021508,0.0021508,0.0021508,0.0021508,0.0021508,0.0021508,0.0021508,0.0021508,0.0021508,0.0021508,0.0021508,0.0021508,0.0021508,0.0021508,0.0021508,0.0021508,0.0021508,0.0021508,0.0021508,0.0021508,0.0021508,0.0021508,0.0021508,0.0021508,0.0021508,0.0021508,0.0021508,0.0021508,0.0021508,0.0021508,0.0021508,0.0021508,0.0021508,0.0021508,0.0021508,0.0021508,0.0021508,0.0021508,0.0021508,0.0021508,0.0021508,0.0021508,0.0021508,0.0021508,0.0021508,0.0021508,0.0021508,0.0021508,0.0021508,0.0021508,0.0021508,0.0021508,0.0021508,0.0021508,0.0021508,0.0021508,0.0021508,0.0021508,0.0021508,0.0021508,0.0021508,0.0021508,0.0021508,0.0021508,0.0021508,0.0021508,0.0021508,0.0021508,0.0021508,0.0021508,0.0021508,0.0021508,0.0021508,0.0021508,0.0021508,0.0021508,0.0021508,0.0021508,0.0021508,0.0021508,0.0021508,0.0021508,0.0021508,0.0021508,0.0021508,0.0021508,0.0021508,0.0021508,0.0021508,0.0021508,0.0021508,0.0021508,0.0021508,0.0021508,0.0021508,0.0021508,0.0021508,0.0021508,0.0021508,0.0021508,0.0021508,0.0021508,0.0021508,0.0021508,0.0021508,0.0021508,0.0021508,0.0021508,0.0021508,0.0021508,0.0021508,0.0021508,0.0021508,0.0021508,0.0021508,0.0021508,0.0021508,0.0021508,0.0021508,0.0021508,0.0021508,0.0021508,0.0021508,0.0021508
0.0021508,0.0021508,0.0021508,0.0021508,0.0021508,0.0021508,0.0021508,0.0021508,0.0021508,0.0021508,0.0021508,0.0021508,0.0021508,0.0021508,0.0021508,0.0021508,0.0021508,0.0021508,0.0021508,0.0021508,0.0021508,0.0021508,0.0021508,0.0021508,0.0021508,0.0021508,0.0021508,0.0021508,0.0021508,0.0021508,0.0021508,0.0021508,0.0021508,0.0021508,0.0021508,0.0021508,0.0021508,0.0021508,0.0021508,0.0021508,0.0021508,0.0021508,0.0021508,0.0021508,0.0021508,0.0021508,0.0021508,0.0021508,0.0021508,0.0021508,0.0021508,0.0021508,0.0021508,0.0021508,0.0021508,0.0021508,0.0021508,0.0021508,0.0021508,0.0021508,0.0021508,0.0021508,0.0021508,0.0021508,0.0021508,0.0021508,0.0021508,0.0021508,0.0021508,0.0021508,0.0021508,0.0021508,0.0021508,0.0021508,0.0021508,0.0021508,0.0021508,0.0021508,0.0021508,0.0021508,0.0021508,0.0021508,0.0021508,0.0021508,0.0021508,0.0021508,0.0021508,0.0021508,0.0021508,0.0021508,0.0021508,0.0021508,0.0021508,0.0021508,0.0021508,0.0021508,0.0021508,0.0021508,0.0021508,0.0021508,0.0021508,0.0021508,0.0021508,0.0021508,0.0021508,0.0021508,0.0021508,0.0021508,0.0021508,0.0021508,0.0021508,0.0021508,0.0021508,0.0021508,0.0021508,0.0021508,0.0021508,0.0021508,0.0021508,0.0021508,0.0021508,0.0021508,0.0021508,0.0021508,0.0021508,0.0021508,0.0021508,0.0021508
0.0021508,0.0021508,0.0021508,0.0021508,0.0021508,0.0021508,0.0021508,0.0021508,0.0021508,0.0021508,0.0021508,0.0021508,0.0021508,0.0021508,0.0021508,0.0021508,0.0021508,0.0021508,0.0021508,0.0021508,0.0021508,0.0021508,0.0021508,0.0021508,0.0021508,0.0021508,0.0021508,0.0021508,0.0021508,0.0021508,0.0021508,0.0021508,0.0021508,0.0021508,0.0021508,0.0021508,0.0021508,0.0021508,0.0021508,0.0021508,0.0021508,0.0021508,0.0021508,0.0021508,0.0021508,0.0021508,0.0021508,0.0021508,0.0021508,0.0021508,0.0021508,0.0021508,0.0021508,0.0021508,0.0021508,0.0021508,0.0021508,0.0021508,0.0021508,0.0021508,0.0021508,0.0021508,0.0021508,0.0021508,0.0021508,0.0021508,0.0021508,0.0021508,0.0021508,0.0021508,0.0021508,0.0021508,0.0021508,0.0021508,0.0021508,0.0021508,0.0021508,0.0021508,0.0021508,0.0021508,0.0021508,0.0021508,0.0021508,0.0021508,0.0021508,0.0021508,0.0021508,0.0021508,0.0021508,0.0021508,0.0021508,0.0021508,0.0021508,0.0021508,0.0021508,0.0021508,0.0021508,0.0021508,0.0021508,0.0021508,0.0021508,0.0021508,0.0021508,0.0021508,0.0021508,0.0021508,0.0021508,0.0021508,0.0021508,0.0021508,0.0021508,0.0021508,0.0021508,0.0021508,0.0021508,0.0021508,0.0021508,0.0021508,0.0021508,0.0021508,0.0021508,0.0021508,0.0021508,0.0021508,0.0021508,0.0021508,0.0021508,0.0021508
0.0021508,0.0021508,0.0021508,0.0021508,0.0021508,0.0021508,0.0021508,0.0021508,0.0021508,0.0021508,0.0021508,0.0021508,0.0021508,0.0021508,0.0021508,0.0021508,0.0021508,0.0021508,0.0021508,0.0021508,0.0021508,0.0021508,0.0021508,0.0021508,0.0021508,0.0021508,0.0021508,0.0021508,0.0021508,0.0021508,0.0021508,0.0021508,0.0021508,0.0021508,0.0021508,0.0021508,0.0021508,0.0021508,0.0021508,0.0021508,0.0021508,0.0021508,0.0021508,0.0021508,0.0021508,0.0021508,0.0021508,0.0021508,0.0021508,0.0021508,0.0021508,0.0021508,0.0021508,0.0021508,0.0021508,0.0021508,0.0021508,0.0021508,0.0021508,0.0021508,0.0021508,0.0021508,0.0021508,0.0021508,0.0021508,0.0021508,0.0021508,0.0021508,0.0021508,0.0021508,0.0021508,0.0021508,0.0021508,0.0021508,0.0021508,0.0021508,0.0021508,0.0021508,0.0021508,0.0021508,0.0021508,0.0021508,0.0021508,0.0021508,0.0021508,0.0021508,0.0021508,0.0021508,0.0021508,0.0021508,0.0021508,0.0021508,0.0021508,0.0021508,0.0021508,0.0021508,0.0021508,0.0021508,0.0021508,0.0021508,0.0021508,0.0021508,0.0021508,0.0021508,0.0021508,0.0021508,0.0021508,0.0021508,0.0021508,0.0021508,0.0021508,0.0021508,0.0021508,0.0021508,0.0021508,0.0021508,0.0021508,0.0021508,0.0021508,0.0021508,0.0021508,0.0021508,0.0021508,0.0021508,0.0021508,0.0021508,0.0021508,0.0021508
0.0021508,0.0021508,0.0021508,0.0021508,0.0021508,0.0021508,0.0021508,0.0021508,0.0021508,0.0021508,0.0021508,0.0021508,0.0021508,0.0021508,0.0021508,0.0021508,0.0021508,0.0021508,0.0021508,0.0021508,0.0021508,0.0021508,0.0021508,0.0021508,0.0021508,0.0021508,0.0021508,0.0021508,0.0021508,0.0021508,0.0021508,0.0021508,0.0021508,0.0021508,0.0021508,0.0021508,0.0021508,0.0021508,0.0021508,0.0021508,0.0021508,0.0021508,0.0021508,0.0021508,0.0021508,0.0021508,0.0021508,0.0021508,0.0021508,0.0021508,0.0021508,0.0021508,0.0021508,0.0021508,0.0021508,0.0021508,0.0021508,0.0021508,0.0021508,0.0021508,0.0021508,0.0021508,0.0021508,0.0021508,0.0021508,0.0021508,0.0021508,0.0021508,0.0021508,0.0021508,0.0021508,0.0021508,0.0021508,0.0021508,0.0021508,0.0021508,0.0021508,0.0021508,0.0021508,0.0021508,0.0021508,0.0021508,0.0021508,0.0021508,0.0021508,0.0021508,0.0021508,0.0021508,0.0021508,0.0021508,0.0021508,0.0021508,0.0021508,0.0021508,0.0021508,0.0021508,0.0021508,0.0021508,0.0021508,0.0021508,0.0021508,0.0021508,0.0021508,0.0021508,0.0021508,0.0021508,0.0021508,0.0021508,0.0021508,0.0021508,0.0021508,0.0021508,0.0021508,0.0021508,0.0021508,0.0021508,0.0021508,0.0021508,0.0021508,0.0021508,0.0021508,0.0021508,0.0021508,0.0021508,0.0021508,0.0021508,0.0021508,0.0021508
0.0021508,0.0021508,0.0021508,0.0021508,0.0021508,0.0021508,0.0021508,0.0021508,0.0021508,0.0021508,0.0021508,0.0021508,0.0021508,0.0021508,0.0021508,0.0021508,0.0021508,0.0021508,0.0021508,0.0021508,0.0021508,0.0021508,0.0021508,0.0021508,0.0021508,0.0021508,0.0021508,0.0021508,0.0021508,0.0021508,0.0021508,0.0021508,0.0021508,0.0021508,0.0021508,0.0021508,0.0021508,0.0021508,0.0021508,0.0021508,0.0021508,0.0021508,0.0021508,0.0021508,0.0021508,0.0021508,0.0021508,0.0021508,0.0021508,0.0021508,0.0021508,0.0021508,0.0021508,0.0021508,0.0021508,0.0021508,0.0021508,0.0021508,0.0021508,0.0021508,0.0021508,0.0021508,0.0021508,0.0021508,0.0021508,0.0021508,0.0021508,0.0021508,0.0021508,0.0021508,0.0021508,0.0021508,0.0021508,0.0021508,0.0021508,0.0021508,0.0021508,0.0021508,0.0021508,0.0021508,0.0021508,0.0021508,0.0021508,0.0021508,0.0021508,0.0021508,0.0021508,0.0021508,0.0021508,0.0021508,0.0021508,0.0021508,0.0021508,0.0021508,0.0021508,0.0021508,0.0021508,0.0021508,0.0021508,0.0021508,0.0021508,0.0021508,0.0021508,0.0021508,0.0021508,0.0021508,0.0021508,0.0021508,0.0021508,0.0021508,0.0021508,0.0021508,0.0021508,0.0021508,0.0021508,0.0021508,0.0021508,0.0021508,0.0021508,0.0021508,0.0021508,0.0021508,0.0021508,0.0021508,0.0021508,0.0021508,0.0021508,0.0021508
0.0021508,0.0021508,0.0021508,0.0021508,0.0021508,0.0021508,0.0021508,0.0021508,0.0021508,0.0021508,0.0021508,0.0021508,0.0021508,0.0021508,0.0021508,0.0021508,0.0021508,0.0021508,0.0021508,0.0021508,0.0021508,0.0021508,0.0021508,0.0021508,0.0021508,0.0021508,0.0021508,0.0021508,0.0021508,0.0021508,0.0021508,0.0021508,0.0021508,0.0021508,0.0021508,0.0021508,0.0021508,0.0021508,0.0021508,0.0021508,0.0021508,0.0021508,0.0021508,0.0021508,0.0021508,0.0021508,0.0021508,0.0021508,0.0021508,0.0021508,0.0021508,0.0021508,0.0021508,0.0021508,0.0021508,0.0021508,0.0021508,0.0021508,0.0021508,0.0021508,0.0021508,0.0021508,0.0021508,0.0021508,0.0021508,0.0021508,0.0021508,0.0021508,0.0021508,0.0021508,0.0021508,0.0021508,0.0021508,0.0021508,0.0021508,0.0021508,0.0021508,0.0021508,0.0021508,0.0021508,0.0021508,0.0021508,0.0021508,0.0021508,0.0021508,0.0021508,0.0021508,0.0021508,0.0021508,0.0021508,0.0021508,0.0021508,0.0021508,0.0021508,0.0021508,0.0021508,0.0021508,0.0021508,0.0021508,0.0021508,0.0021508,0.0021508,0.0021508,0.0021508,0.0021508,0.0021508,0.0021508,0.0021508,0.0021508,0.0021508,0.0021508,0.0021508,0.0021508,0.0021508,0.0021508,0.0021508,0.0021508,0.0021508,0.0021508,0.0021508,0.0021508,0.0021508,0.0021508,0.0021508,0.0021508,0.0021508,0.0021508,0.0021508
0.0021508,0.0021508,0.0021508,0.0021508,0.0021508,0.0021508,0.0021508,0.0021508,0.0021508,0.0021508,0.0021508,0.0021508,0.0021508,0.0021508,0.0021508,0.0021508,0.0021508,0.0021508,0.0021508,0.0021508,0.0021508,0.0021508,0.0021508,0.0021508,0.0021508,0.0021508,0.0021508,0.0021508,0.0021508,0.0021508,0.0021508,0.0021508,0.0021508,0.0021508,0.0021508,0.0021508,0.0021508,0.0021508,0.0021508,0.0021508,0.0021508,0.0021508,0.0021508,0.0021508,0.0021508,0.0021508,0.0021508,0.0021508,0.0021508,0.0021508,0.0021508,0.0021508,0.0021508,0.0021508,0.0021508,0.0021508,0.0021508,0.0021508,0.0021508,0.0021508,0.0021508,0.0021508,0.0021508,0.0021508,0.0021508,0.0021508,0.0021508,0.0021508,0.0021508,0.0021508,0.0021508,0.0021508,0.0021508,0.0021508,0.0021508,0.0021508,0.0021508,0.0021508,0.0021508,0.0021508,0.0021508,0.0021508,0.0021508,0.0021508,0.0021508,0.0021508,0.0021508,0.0021508,0.0021508,0.0021508,0.0021508,0.0021508,0.0021508,0.0021508,0.0021508,0.0021508,0.0021508,0.0021508,0.0021508,0.0021508,0.0021508,0.0021508,0.0021508,0.0021508,0.0021508,0.0021508,0.0021508,0.0021508,0.0021508,0.0021508,0.0021508,0.0021508,0.0021508,0.0021508,0.0021508,0.0021508,0.0021508,0.0021508,0.0021508,0.0021508,0.0021508,0.0021508,0.0021508,0.0021508,0.0021508,0.0021508,0.0021508,0.0021508
0.0021508,0.0021508,0.0021508,0.0021508,0.0021508,0.0021508,0.0021508,0.0021508,0.0021508,0.0021508,0.0021508,0.0021508,0.0021508,0.0021508,0.0021508,0.0021508,0.0021508,0.0021508,0.0021508,0.0021508,0.0021508,0.0021508,0.0021508,0.0021508,0.0021508,0.0021508,0.0021508,0.0021508,0.0021508,0.0021508,0.0021508,0.0021508,0.0021508,0.0021508,0.0021508,0.0021508,0.0021508,0.0021508,0.0021508,0.0021508,0.0021508,0.0021508,0.0021508,0.0021508,0.0021508,0.0021508,0.0021508,0.0021508,0.0021508,0.0021508,0.0021508,0.0021508,0.0021508,0.0021508,0.0021508,0.0021508,0.0021508,0.0021508,0.0021508,0.0021508,0.0021508,0.0021508,0.0021508,0.0021508,0.0021508,0.0021508,0.0021508,0.0021508,0.0021508,0.0021508,0.0021508,0.0021508,0.0021508,0.0021508,0.0021508,0.0021508,0.0021508,0.0021508,0.0021508,0.0021508,0.0021508,0.0021508,0.0021508,0.0021508,0.0021508,0.0021508,0.0021508,0.0021508,0.0021508,0.0021508,0.0021508,0.0021508,0.0021508,0.0021508,0.0021508,0.0021508,0.0021508,0.0021508,0.0021508,0.0021508,0.0021508,0.0021508,0.0021508,0.0021508,0.0021508,0.0021508,0.0021508,0.0021508,0.0021508,0.0021508,0.0021508,0.0021508,0.0021508,0.0021508,0.0021508,0.0021508,0.0021508,0.0021508,0.0021508,0.0021508,0.0021508,0.0021508,0.0021508,0.0021508,0.0021508,0.0021508,0.0021508,0.0021508
0.0021508,0.0021508,0.0021508,0.0021508,0.0021508,0.0021508,0.0021508,0.0021508,0.0021508,0.0021508,0.0021508,0.0021508,0.0021508,0.0021508,0.0021508,0.0021508,0.0021508,0.0021508,0.0021508,0.0021508,0.0021508,0.0021508,0.0021508,0.0021508,0.0021508,0.0021508,0.0021508,0.0021508,0.0021508,0.0021508,0.0021508,0.0021508,0.0021508,0.0021508,0.0021508,0.0021508,0.0021508,0.0021508,0.0021508,0.0021508,0.0021508,0.0021508,0.0021508,0.0021508,0.0021508,0.0021508,0.0021508,0.0021508,0.0021508,0.0021508,0.0021508,0.0021508,0.0021508,0.0021508,0.0021508,0.0021508,0.0021508,0.0021508,0.0021508,0.0021508,0.0021508,0.0021508,0.0021508,0.0021508,0.0021508,0.0021508,0.0021508,0.0021508,0.0021508,0.0021508,0.0021508,0.0021508,0.0021508,0.0021508,0.0021508,0.0021508,0.0021508,0.0021508,0.0021508,0.0021508,0.0021508,0.0021508,0.0021508,0.0021508,0.0021508,0.0021508,0.0021508,0.0021508,0.0021508,0.0021508,0.0021508,0.0021508,0.0021508,0.0021508,0.0021508,0.0021508,0.0021508,0.0021508,0.0021508,0.0021508,0.0021508,0.0021508,0.0021508,0.0021508,0.0021508,0.0021508,0.0021508,0.0021508,0.0021508,0.0021508,0.0021508,0.0021508,0.0021508,0.0021508,0.0021508,0.0021508,0.0021508,0.0021508,0.0021508,0.0021508,0.0021508,0.0021508,0.0021508,0.0021508,0.0021508,0.0021508,0.0021508,0.0021508
0.0021508,0.0021508,0.0021508,0.0021508,0.0021508,0.0021508,0.0021508,0.0021508,0.0021508,0.0021508,0.0021508,0.0021508,0.0021508,0.0021508,0.0021508,0.0021508,0.0021508,0.0021508,0.0021508,0.0021508,0.0021508,0.0021508,0.0021508,0.0021508,0.0021508,0.0021508,0.0021508,0.0021508,0.0021508,0.0021508,0.0021508,0.0021508,0.0021508,0.0021508,0.0021508,0.0021508,0.0021508,0.0021508,0.0021508,0.0021508,0.0021508,0.0021508,0.0021508,0.0021508,0.0021508,0.0021508,0.0021508,0.0021508,0.0021508,0.0021508,0.0021508,0.0021508,0.0021508,0.0021508,0.0021508,0.0021508,0.0021508,0.0021508,0.0021508,0.0021508,0.0021508,0.0021508,0.0021508,0.0021508,0.0021508,0.0021508,0.0021508,0.0021508,0.0021508,0.0021508,0.0021508,0.0021508,0.0021508,0.0021508,0.0021508,0.0021508,0.0021508,0.0021508,0.0021508,0.0021508,0.0021508,0.0021508,0.0021508,0.0021508,0.0021508,0.0021508,0.0021508,0.0021508,0.0021508,0.0021508,0.0021508,0.0021508,0.0021508,0.0021508,0.0021508,0.0021508,0.0021508,0.0021508,0.0021508,0.0021508,0.0021508,0.0021508,0.0021508,0.0021508,0.0021508,0.0021508,0.0021508,0.0021508,0.0021508,0.0021508,0.0021508,0.0021508,0.0021508,0.0021508,0.0021508,0.0021508,0.0021508,0.0021508,0.0021508,0.0021508,0.0021508,0.0021508,0.0021508,0.0021508,0.0021508,0.0021508,0.0021508,0.0021508
0.0021508,0.0021508,0.0021508,0.0021508,0.0021508,0.0021508,0.0021508,0.0021508,0.0021508,0.0021508,0.0021508,0.0021508,0.0021508,0.0021508,0.0021508,0.0021508,0.0021508,0.0021508,0.0021508,0.0021508,0.0021508,0.0021508,0.0021508,0.0021508,0.0021508,0.0021508,0.0021508,0.0021508,0.0021508,0.0021508,0.0021508,0.0021508,0.0021508,0.0021508,0.0021508,0.0021508,0.0021508,0.0021508,0.0021508,0.0021508,0.0021508,0.0021508,0.0021508,0.0021508,0.0021508,0.0021508,0.0021508,0.0021508,0.0021508,0.0021508,0.0021508,0.0021508,0.0021508,0.0021508,0.0021508,0.0021508,0.0021508,0.0021508,0.0021508,0.0021508,0.0021508,0.0021508,0.0021508,0.0021508,0.0021508,0.0021508,0.0021508,0.0021508,0.0021508,0.0021508,0.0021508,0.0021508,0.0021508,0.0021508,0.0021508,0.0021508,0.0021508,0.0021508,0.0021508,0.0021508,0.0021508,0.0021508,0.0021508,0.0021508,0.0021508,0.0021508,0.0021508,0.0021508,0.0021508,0.0021508,0.0021508,0.0021508,0.0021508,0.0021508,0.0021508,0.0021508,0.0021508,0.0021508,0.0021508,0.0021508,0.0021508,0.0021508,0.0021508,0.0021508,0.0021508,0.0021508,0.0021508,0.0021508,0.0021508,0.0021508,0.0021508,0.0021508,0.0021508,0.0021508,0.0021508,0.0021508,0.0021508,0.0021508,0.0021508,0.0021508,0.0021508,0.0021508,0.0021508,0.0021508,0.0021508,0.0021508,0.0021508,0.0021508
0.0021508,0.0021508,0.0021508,0.0021508,0.0021508,0.0021508,0.0021508,0.0021508,0.0021508,0.0021508,0.0021508,0.0021508,0.0021508,0.0021508,0.0021508,0.0021508,0.0021508,0.0021508,0.0021508,0.0021508,0.0021508,0.0021508,0.0021508,0.0021508,0.0021508,0.0021508,0.0021508,0.0021508,0.0021508,0.0021508,0.0021508,0.0021508,0.0021508,0.0021508,0.0021508,0.0021508,0.0021508,0.0021508,0.0021508,0.0021508,0.0021508,0.0021508,0.0021508,0.0021508,0.0021508,0.0021508,0.0021508,0.0021508,0.0021508,0.0021508,0.0021508,0.0021508,0.0021508,0.0021508,0.0021508,0.0021508,0.0021508,0.0021508,0.0021508,0.0021508,0.0021508,0.0021508,0.0021508,0.0021508,0.0021508,0.0021508,0.0021508,0.0021508,0.0021508,0.0021508,0.0021508,0.0021508,0.0021508,0.0021508,0.0021508,0.0021508,0.0021508,0.0021508,0.0021508,0.0021508,0.0021508,0.0021508,0.0021508,0.0021508,0.0021508,0.0021508,0.0021508,0.0021508,0.0021508,0.0021508,0.0021508,0.0021508,0.0021508,0.0021508,0.0021508,0.0021508,0.0021508,0.0021508,0.0021508,0.0021508,0.0021508,0.0021508,0.0021508,0.0021508,0.0021508,0.0021508,0.0021508,0.0021508,0.0021508,0.0021508,0.0021508,0.0021508,0.0021508,0.0021508,0.0021508,0.0021508,0.0021508,0.0021508,0.0021508,0.0021508,0.0021508,0.0021508,0.0021508,0.0021508,0.0021508,0.0021508,0.0021508,0.0021508
0.0021508,0.0021508,0.0021508,0.0021508,0.0021508,0.0021508,0.0021508,0.0021508,0.0021508,0.0021508,0.0021508,0.0021508,0.0021508,0.0021508,0.0021508,0.0021508,0.0021508,0.0021508,0.0021508,0.0021508,0.0021508,0.0021508,0.0021508,0.0021508,0.0021508,0.0021508,0.0021508,0.0021508,0.0021508,0.0021508,0.0021508,0.0021508,0.0021508,0.0021508,0.0021508,0.0021508,0.0021508,0.0021508,0.0021508,0.0021508,0.0021508,0.0021508,0.0021508,0.0021508,0.0021508,0.0021508,0.0021508,0.0021508,0.0021508,0.0021508,0.0021508,0.0021508,0.0021508,0.0021508,0.0021508,0.0021508,0.0021508,0.0021508,0.0021508,0.0021508,0.0021508,0.0021508,0.0021508,0.0021508,0.0021508,0.0021508,0.0021508,0.0021508,0.0021508,0.0021508,0.0021508,0.0021508,0.0021508,0.0021508,0.0021508,0.0021508,0.0021508,0.0021508,0.0021508,0.0021508,0.0021508,0.0021508,0.0021508,0.0021508,0.0021508,0.0021508,0.0021508,0.0021508,0.0021508,0.0021508,0.0021508,0.0021508,0.0021508,0.0021508,0.0021508,0.0021508,0.0021508,0.0021508,0.0021508,0.0021508,0.0021508,0.0021508,0.0021508,0.0021508,0.0021508,0.0021508,0.0021508,0.0021508,0.0021508,0.0021508,0.0021508,0.0021508,0.0021508,0.0021508,0.0021508,0.0021508,0.0021508,0.0021508,0.0021508,0.0021508,0.0021508,0.0021508,0.0021508,0.0021508,0.0021508,0.0021508,0.0021508,0.0021508
0.0021508,0.0021508,0.0021508,0.0021508,0.0021508,0.0021508,0.0021508,0.0021508,0.0021508,0.0021508,0.0021508,0.0021508,0.0021508,0.0021508,0.0021508,0.0021508,0.0021508,0.0021508,0.0021508,0.0021508,0.0021508,0.0021508,0.0021508,0.0021508,0.0021508,0.0021508,0.0021508,0.0021508,0.0021508,0.0021508,0.0021508,0.0021508,0.0021508,0.0021508,0.0021508,0.0021508,0.0021508,0.0021508,0.0021508,0.0021508,0.0021508,0.0021508,0.0021508,0.0021508,0.0021508,0.0021508,0.0021508,0.0021508,0.0021508,0.0021508,0.0021508,0.0021508,0.0021508,0.0021508,0.0021508,0.0021508,0.0021508,0.0021508,0.0021508,0.0021508,0.0021508,0.0021508,0.0021508,0.0021508,0.0021508,0.0021508,0.0021508,0.0021508,0.0021508,0.0021508,0.0021508,0.0021508,0.0021508,0.0021508,0.0021508,0.0021508,0.0021508,0.0021508,0.0021508,0.0021508,0.0021508,0.0021508,0.0021508,0.0021508,0.0021508,0.0021508,0.0021508,0.0021508,0.0021508,0.0021508,0.0021508,0.0021508,0.0021508,0.0021508,0.0021508,0.0021508,0.0021508,0.0021508,0.0021508,0.0021508,0.0021508,0.0021508,0.0021508,0.0021508,0.0021508,0.0021508,0.0021508,0.0021508,0.0021508,0.0021508,0.0021508,0.0021508,0.0021508,0.0021508,0.0021508,0.0021508,0.0021508,0.0021508,0.0021508,0.0021508,0.0021508,0.0021508,0.0021508,0.0021508,0.0021508,0.0021508,0.0021508,0.0021508
0.0021508,0.0021508,0.0021508,0.0021508,0.0021508,0.0021508,0.0021508,0.0021508,0.0021508,0.0021508,0.0021508,0.0021508,0.0021508,0.0021508,0.0021508,0.0021508,0.0021508,0.0021508,0.0021508,0.0021508,0.0021508,0.0021508,0.0021508,0.0021508,0.0021508,0.0021508,0.0021508,0.0021508,0.0021508,0.0021508,0.0021508,0.0021508,0.0021508,0.0021508,0.0021508,0.0021508,0.0021508,0.0021508,0.0021508,0.0021508,0.0021508,0.0021508,0.0021508,0.0021508,0.0021508,0.0021508,0.0021508,0.0021508,0.0021508,0.0021508,0.0021508,0.0021508,0.0021508,0.0021508,0.0021508,0.0021508,0.0021508,0.0021508,0.0021508,0.0021508,0.0021508,0.0021508,0.0021508,0.0021508,0.0021508,0.0021508,0.0021508,0.0021508,0.0021508,0.0021508,0.0021508,0.0021508,0.0021508,0.0021508,0.0021508,0.0021508,0.0021508,0.0021508,0.0021508,0.0021508,0.0021508,0.0021508,0.0021508,0.0021508,0.0021508,0.0021508,0.0021508,0.0021508,0.0021508,0.0021508,0.0021508,0.0021508,0.0021508,0.0021508,0.0021508,0.0021508,0.0021508,0.0021508,0.0021508,0.0021508,0.0021508,0.0021508,0.0021508,0.0021508,0.0021508,0.0021508,0.0021508,0.0021508,0.0021508,0.0021508,0.0021508,0.0021508,0.0021508,0.0021508,0.0021508,0.0021508,0.0021508,0.0021508,0.0021508,0.0021508,0.0021508,0.0021508,0.0021508,0.0021508,0.0021508,0.0021508,0.0021508,0.0021508
0.0021508,0.0021508,0.0021508,0.0021508,0.0021508,0.0021508,0.0021508,0.0021508,0.0021508,0.0021508,0.0021508,0.0021508,0.0021508,0.0021508,0.0021508,0.0021508,0.0021508,0.0021508,0.0021508,0.0021508,0.0021508,0.0021508,0.0021508,0.0021508,0.0021508,0.0021508,0.0021508,0.0021508,0.0021508,0.0021508,0.0021508,0.0021508,0.0021508,0.0021508,0.0021508,0.0021508,0.0021508,0.0021508,0.0021508,0.0021508,0.0021508,0.0021508,0.0021508,0.0021508,0.0021508,0.0021508,0.0021508,0.0021508,0.0021508,0.0021508,0.0021508,0.0021508,0.0021508,0.0021508,0.0021508,0.0021508,0.0021508,0.0021508,0.0021508,0.0021508,0.0021508,0.0021508,0.0021508,0.0021508,0.0021508,0.0021508,0.0021508,0.0021508,0.0021508,0.0021508,0.0021508,0.0021508,0.0021508,0.0021508,0.0021508,0.0021508,0.0021508,0.0021508,0.0021508,0.0021508,0.0021508,0.0021508,0.0021508,0.0021508,0.0021508,0.0021508,0.0021508,0.0021508,0.0021508,0.0021508,0.0021508,0.0021508,0.0021508,0.0021508,0.0021508,0.0021508,0.0021508,0.0021508,0.0021508,0.0021508,0.0021508,0.0021508,0.0021508,0.0021508,0.0021508,0.0021508,0.0021508,0.0021508,0.0021508,0.0021508,0.0021508,0.0021508,0.0021508,0.0021508,0.0021508,0.0021508,0.0021508,0.0021508,0.0021508,0.0021508,0.0021508,0.0021508,0.0021508,0.0021508,0.0021508,0.0021508,0.0021508,0.0021508
0.0021508,0.0021508,0.0021508,0.0021508,0.0021508,0.0021508,0.0021508,0.0021508,0.0021508,0.0021508,0.0021508,0.0021508,0.0021508,0.0021508,0.0021508,0.0021508,0.0021508,0.0021508,0.0021508,0.0021508,0.0021508,0.0021508,0.0021508,0.0021508,0.0021508,0.0021508,0.0021508,0.0021508,0.0021508,0.0021508,0.0021508,0.0021508,0.0021508,0.0021508,0.0021508,0.0021508,0.0021508,0.0021508,0.0021508,0.0021508,0.0021508,0.0021508,0.0021508,0.0021508,0.0021508,0.0021508,0.0021508,0.0021508,0.0021508,0.0021508,0.0021508,0.0021508,0.0021508,0.0021508,0.0021508,0.0021508,0.0021508,0.0021508,0.0021508,0.0021508,0.0021508,0.0021508,0.0021508,0.0021508,0.0021508,0.0021508,0.0021508,0.0021508,0.0021508,0.0021508,0.0021508,0.0021508,0.0021508,0.0021508,0.0021508,0.0021508,0.0021508,0.0021508,0.0021508,0.0021508,0.0021508,0.0021508,0.0021508,0.0021508,0.0021508,0.0021508,0.0021508,0.0021508,0.0021508,0.0021508,0.0021508,0.0021508,0.0021508,0.0021508,0.0021508,0.0021508,0.0021508,0.0021508,0.0021508,0.0021508,0.0021508,0.0021508,0.0021508,0.0021508,0.0021508,0.0021508,0.0021508,0.0021508,0.0021508,0.0021508,0.0021508,0.0021508,0.0021508,0.0021508,0.0021508,0.0021508,0.0021508,0.0021508,0.0021508,0.0021508,0.0021508,0.0021508,0.0021508,0.0021508,0.0021508,0.0021508,0.0021508,0.0021508
0.0021508,0.0021508,0.0021508,0.0021508,0.0021508,0.0021508,0.0021508,0.0021508,0.0021508,0.0021508,0.0021508,0.0021508,0.0021508,0.0021508,0.0021508,0.0021508,0.0021508,0.0021508,0.0021508,0.0021508,0.0021508,0.0021508,0.0021508,0.0021508,0.0021508,0.0021508,0.0021508,0.0021508,0.0021508,0.0021508,0.0021508,0.0021508,0.0021508,0.0021508,0.0021508,0.0021508,0.0021508,0.0021508,0.0021508,0.0021508,0.0021508,0.0021508,0.0021508,0.0021508,0.0021508,0.0021508,0.0021508,0.0021508,0.0021508,0.0021508,0.0021508,0.0021508,0.0021508,0.0021508,0.0021508,0.0021508,0.0021508,0.0021508,0.0021508,0.0021508,0.0021508,0.0021508,0.0021508,0.0021508,0.0021508,0.0021508,0.0021508,0.0021508,0.0021508,0.0021508,0.0021508,0.0021508,0.0021508,0.0021508,0.0021508,0.0021508,0.0021508,0.0021508,0.0021508,0.0021508,0.0021508,0.0021508,0.0021508,0.0021508,0.0021508,0.0021508,0.0021508,0.0021508,0.0021508,0.0021508,0.0021508,0.0021508,0.0021508,0.0021508,0.0021508,0.0021508,0.0021508,0.0021508,0.0021508,0.0021508,0.0021508,0.0021508,0.0021508,0.0021508,0.0021508,0.0021508,0.0021508,0.0021508,0.0021508,0.0021508,0.0021508,0.0021508,0.0021508,0.0021508,0.0021508,0.0021508,0.0021508,0.0021508,0.0021508,0.0021508,0.0021508,0.0021508,0.0021508,0.0021508,0.0021508,0.0021508,0.0021508,0.0021508
0.0021508,0.0021508,0.0021508,0.0021508,0.0021508,0.0021508,0.0021508,0.0021508,0.0021508,0.0021508,0.0021508,0.0021508,0.0021508,0.0021508,0.0021508,0.0021508,0.0021508,0.0021508,0.0021508,0.0021508,0.0021508,0.0021508,0.0021508,0.0021508,0.0021508,0.0021508,0.0021508,0.0021508,0.0021508,0.0021508,0.0021508,0.0021508,0.0021508,0.0021508,0.0021508,0.0021508,0.0021508,0.0021508,0.0021508,0.0021508,0.0021508,0.0021508,0.0021508,0.0021508,0.0021508,0.0021508,0.0021508,0.0021508,0.0021508,0.0021508,0.0021508,0.0021508,0.0021508,0.0021508,0.0021508,0.0021508,0.0021508,0.0021508,0.0021508,0.0021508,0.0021508,0.0021508,0.0021508,0.0021508,0.0021508,0.0021508,0.0021508,0.0021508,0.0021508,0.0021508,0.0021508,0.0021508,0.0021508,0.0021508,0.0021508,0.0021508,0.0021508,0.0021508,0.0021508,0.0021508,0.0021508,0.0021508,0.0021508,0.0021508,0.0021508,0.0021508,0.0021508,0.0021508,0.0021508,0.0021508,0.0021508,0.0021508,0.0021508,0.0021508,0.0021508,0.0021508,0.0021508,0.0021508,0.0021508,0.0021508,0.0021508,0.0021508,0.0021508,0.0021508,0.0021508,0.0021508,0.0021508,0.0021508,0.0021508,0.0021508,0.0021508,0.0021508,0.0021508,0.0021508,0.0021508,0.0021508,0.0021508,0.0021508,0.0021508,0.0021508,0.0021508,0.0021508,0.0021508,0.0021508,0.0021508,0.0021508,0.0021508,0.0021508
0.0021508,0.0021508,0.0021508,0.0021508,0.0021508,0.0021508,0.0021508,0.0021508,0.0021508,0.0021508,0.0021508,0.0021508,0.0021508,0.0021508,0.0021508,0.0021508,0.0021508,0.0021508,0.0021508,0.0021508,0.0021508,0.0021508,0.0021508,0.0021508,0.0021508,0.0021508,0.0021508,0.0021508,0.0021508,0.0021508,0.0021508,0.0021508,0.0021508,0.0021508,0.0021508,0.0021508,0.0021508,0.0021508,0.0021508,0.0021508,0.0021508,0.0021508,0.0021508,0.0021508,0.0021508,0.0021508,0.0021508,0.0021508,0.0021508,0.0021508,0.0021508,0.0021508,0.0021508,0.0021508,0.0021508,0.0021508,0.0021508,0.0021508,0.0021508,0.0021508,0.0021508,0.0021508,0.0021508,0.0021508,0.0021508,0.0021508,0.0021508,0.0021508,0.0021508,0.0021508,0.0021508,0.0021508,0.0021508,0.0021508,0.0021508,0.0021508,0.0021508,0.0021508,0.0021508,0.0021508,0.0021508,0.0021508,0.0021508,0.0021508,0.0021508,0.0021508,0.0021508,0.0021508,0.0021508,0.0021508,0.0021508,0.0021508,0.0021508,0.0021508,0.0021508,0.0021508,0.0021508,0.0021508,0.0021508,0.0021508,0.0021508,0.0021508,0.0021508,0.0021508,0.0021508,0.0021508,0.0021508,0.0021508,0.0021508,0.0021508,0.0021508,0.0021508,0.0021508,0.0021508,0.0021508,0.0021508,0.0021508,0.0021508,0.0021508,0.0021508,0.0021508,0.0021508,0.0021508,0.0021508,0.0021508,0.0021508,0.0021508,0.0021508
0.0021508,0.0021508,0.0021508,0.0021508,0.0021508,0.0021508,0.0021508,0.0021508,0.0021508,0.0021508,0.0021508,0.0021508,0.0021508,0.0021508,0.0021508,0.0021508,0.0021508,0.0021508,0.0021508,0.0021508,0.0021508,0.0021508,0.0021508,0.0021508,0.0021508,0.0021508,0.0021508,0.0021508,0.0021508,0.0021508,0.0021508,0.0021508,0.0021508,0.0021508,0.0021508,0.0021508,0.0021508,0.0021508,0.0021508,0.0021508,0.0021508,0.0021508,0.0021508,0.0021508,0.0021508,0.0021508,0.0021508,0.0021508,0.0021508,0.0021508,0.0021508,0.0021508,0.0021508,0.0021508,0.0021508,0.0021508,0.0021508,0.0021508,0.0021508,0.0021508,0.0021508,0.0021508,0.0021508,0.0021508,0.0021508,0.0021508,0.0021508,0.0021508,0.0021508,0.0021508,0.0021508,0.0021508,0.0021508,0.0021508,0.0021508,0.0021508,0.0021508,0.0021508,0.0021508,0.0021508,0.0021508,0.0021508,0.0021508,0.0021508,0.0021508,0.0021508,0.0021508,0.0021508,0.0021508,0.0021508,0.0021508,0.0021508,0.0021508,0.0021508,0.0021508,0.0021508,0.0021508,0.0021508,0.0021508,0.0021508,0.0021508,0.0021508,0.0021508,0.0021508,0.0021508,0.0021508,0.0021508,0.0021508,0.0021508,0.0021508,0.0021508,0.0021508,0.0021508,0.0021508,0.0021508,0.0021508,0.0021508,0.0021508,0.0021508,0.0021508,0.0021508,0.0021508,0.0021508,0.0021508,0.0021508,0.0021508,0.0021508,0.0021508
0.0021508,0.0021508,0.0021508,0.0021508,0.0021508,0.0021508,0.0021508,0.0021508,0.0021508,0.0021508,0.0021508,0.0021508,0.0021508,0.0021508,0.0021508,0.0021508,0.0021508,0.0021508,0.0021508,0.0021508,0.0021508,0.0021508,0.0021508,0.0021508,0.0021508,0.0021508,0.0021508,0.0021508,0.0021508,0.0021508,0.0021508,0.0021508,0.0021508,0.0021508,0.0021508,0.0021508,0.0021508,0.0021508,0.0021508,0.0021508,0.0021508,0.0021508,0.0021508,0.0021508,0.0021508,0.0021508,0.0021508,0.0021508,0.0021508,0.0021508,0.0021508,0.0021508,0.0021508,0.0021508,0.0021508,0.0021508,0.0021508,0.0021508,0.0021508,0.0021508,0.0021508,0.0021508,0.0021508,0.0021508,0.0021508,0.0021508,0.0021508,0.0021508,0.0021508,0.0021508,0.0021508,0.0021508,0.0021508,0.0021508,0.0021508,0.0021508,0.0021508,0.0021508,0.0021508,0.0021508,0.0021508,0.0021508,0.0021508,0.0021508,0.0021508,0.0021508,0.0021508,0.0021508,0.0021508,0.0021508,0.0021508,0.0021508,0.0021508,0.0021508,0.0021508,0.0021508,0.0021508,0.0021508,0.0021508,0.0021508,0.0021508,0.0021508,0.0021508,0.0021508,0.0021508,0.0021508,0.0021508,0.0021508,0.0021508,0.0021508,0.0021508,0.0021508,0.0021508,0.0021508,0.0021508,0.0021508,0.0021508,0.0021508,0.0021508,0.0021508,0.0021508,0.0021508,0.0021508,0.0021508,0.0021508,0.0021508,0.0021508,0.0021508
0.0021508,0.0021508,0.0021508,0.0021508,0.0021508,0.0021508,0.0021508,0.0021508,0.0021508,0.0021508,0.0021508,0.0021508,0.0021508,0.0021508,0.0021508,0.0021508,0.0021508,0.0021508,0.0021508,0.0021508,0.0021508,0.0021508,0.0021508,0.0021508,0.0021508,0.0021508,0.0021508,0.0021508,0.0021508,0.0021508,0.0021508,0.0021508,0.0021508,0.0021508,0.0021508,0.0021508,0.0021508,0.0021508,0.0021508,0.0021508,0.0021508,0.0021508,0.0021508,0.0021508,0.0021508,0.0021508,0.0021508,0.0021508,0.0021508,0.0021508,0.0021508,0.0021508,0.0021508,0.0021508,0.0021508,0.0021508,0.0021508,0.0021508,0.0021508,0.0021508,0.0021508,0.0021508,0.0021508,0.0021508,0.0021508,0.0021508,0.0021508,0.0021508,0.0021508,0.0021508,0.0021508,0.0021508,0.0021508,0.0021508,0.0021508,0.0021508,0.0021508,0.0021508,0.0021508,0.0021508,0.0021508,0.0021508,0.0021508,0.0021508,0.0021508,0.0021508,0.0021508,0.0021508,0.0021508,0.0021508,0.0021508,0.0021508,0.0021508,0.0021508,0.0021508,0.0021508,0.0021508,0.0021508,0.0021508,0.0021508,0.0021508,0.0021508,0.0021508,0.0021508,0.0021508,0.0021508,0.0021508,0.0021508,0.0021508,0.0021508,0.0021508,0.0021508,0.0021508,0.0021508,0.0021508,0.0021508,0.0021508,0.0021508,0.0021508,0.0021508,0.0021508,0.0021508,0.0021508,0.0021508,0.0021508,0.0021508,0.0021508,0.0021508
0.0021508,0.0021508,0.0021508,0.0021508,0.0021508,0.0021508,0.0021508,0.0021508,0.0021508,0.0021508,0.0021508,0.0021508,0.0021508,0.0021508,0.0021508,0.0021508,0.0021508,0.0021508,0.0021508,0.0021508,0.0021508,0.0021508,0.0021508,0.0021508,0.0021508,0.0021508,0.0021508,0.0021508,0.0021508,0.0021508,0.0021508,0.0021508,0.0021508,0.0021508,0.0021508,0.0021508,0.0021508,0.0021508,0.0021508,0.0021508,0.0021508,0.0021508,0.0021508,0.0021508,0.0021508,0.0021508,0.0021508,0.0021508,0.0021508,0.0021508,0.0021508,0.0021508,0.0021508,0.0021508,0.0021508,0.0021508,0.0021508,0.0021508,0.0021508,0.0021508,0.0021508,0.0021508,0.0021508,0.0021508,0.0021508,0.0021508,0.0021508,0.0021508,0.0021508,0.0021508,0.0021508,0.0021508,0.0021508,0.0021508,0.0021508,0.0021508,0.0021508,0.0021508,0.0021508,0.0021508,0.0021508,0.0021508,0.0021508,0.0021508,0.0021508,0.0021508,0.0021508,0.0021508,0.0021508,0.0021508,0.0021508,0.0021508,0.0021508,0.0021508,0.0021508,0.0021508,0.0021508,0.0021508,0.0021508,0.0021508,0.0021508,0.0021508,0.0021508,0.0021508,0.0021508,0.0021508,0.0021508,0.0021508,0.0021508,0.0021508,0.0021508,0.0021508,0.0021508,0.0021508,0.0021508,0.0021508,0.0021508,0.0021508,0.0021508,0.0021508,0.0021508,0.0021508,0.0021508,0.0021508,0.0021508,0.0021508,0.0021508,0.0021508
0.0021508,0.0021508,0.0021508,0.0021508,0.0021508,0.0021508,0.0021508,0.0021508,0.0021508,0.0021508,0.0021508,0.0021508,0.0021508,0.0021508,0.0021508,0.0021508,0.0021508,0.0021508,0.0021508,0.0021508,0.0021508,0.0021508,0.0021508,0.0021508,0.0021508,0.0021508,0.0021508,0.0021508,0.0021508,0.0021508,0.0021508,0.0021508,0.0021508,0.0021508,0.0021508,0.0021508,0.0021508,0.0021508,0.0021508,0.0021508,0.0021508,0.0021508,0.0021508,0.0021508,0.0021508,0.0021508,0.0021508,0.0021508,0.0021507,0.0021508,0.0021508,0.0021507,0.0021507,0.0021507,0.0021508,0.0021508,0.0021508,0.0021508,0.0021508,0.0021508,0.0021508,0.0021508,0.0021508,0.0021508,0.0021508,0.0021508,0.0021508,0.0021508,0.0021508,0.0021508,0.0021508,0.0021508,0.0021508,0.0021508,0.0021508,0.0021508,0.0021508,0.0021508,0.0021508,0.0021508,0.0021508,0.0021508,0.0021508,0.0021508,0.0021508,0.0021508,0.0021508,0.0021508,0.0021508,0.0021508,0.0021508,0.0021508,0.0021508,0.0021508,0.0021508,0.0021508,0.0021508,0.0021508,0.0021508,0.0021508,0.0021508,0.0021508,0.0021508,0.0021508,0.0021508,0.0021508,0.0021508,0.0021508,0.0021508,0.0021508,0.0021508,0.0021508,0.0021508,0.0021508,0.0021508,0.0021508,0.0021508,0.0021508,0.0021508,0.0021508,0.0021508,0.0021508,0.0021508,0.0021508,0.0021508,0.0021508,0.0021508,0.0021508
0.0021508,0.0021508,0.0021508,0.0021508,0.0021508,0.0021508,0.0021508,0.0021508,0.0021508,0.0021508,0.0021508,0.0021508,0.0021508,0.0021508,0.0021508,0.0021508,0.0021508,0.0021508,0.0021508,0.0021508,0.0021508,0.0021508,0.0021508,0.0021508,0.0021508,0.0021508,0.0021508,0.0021508,0.0021508,0.0021508,0.0021508,0.0021508,0.0021508,0.0021508,0.0021508,0.0021508,0.0021508,0.0021508,0.0021508,0.0021508,0.0021508,0.0021508,0.0021508,0.0021508,0.0021508,0.0021508,0.0021508,0.0021507,0.002151,0.0021506,0.0021507,0.0021509,0.002151,0.0021509,0.0021508,0.0021507,0.0021508,0.0021508,0.0021508,0.0021508,0.0021508,0.0021508,0.0021508,0.0021508,0.0021508,0.0021508,0.0021508,0.0021508,0.0021508,0.0021508,0.0021508,0.0021508,0.0021508,0.0021508,0.0021508,0.0021508,0.0021508,0.0021508,0.0021508,0.0021508,0.0021508,0.0021508,0.0021508,0.0021508,0.0021508,0.0021508,0.0021508,0.0021508,0.0021508,0.0021508,0.0021508,0.0021508,0.0021508,0.0021508,0.0021508,0.0021508,0.0021508,0.0021508,0.0021508,0.0021508,0.0021508,0.0021508,0.0021508,0.0021508,0.0021508,0.0021508,0.0021508,0.0021508,0.0021508,0.0021508,0.0021508,0.0021508,0.0021508,0.0021508,0.0021508,0.0021508,0.0021508,0.0021508,0.0021508,0.0021508,0.0021508,0.0021508,0.0021508,0.0021508,0.0021508,0.0021508,0.0021508,0.0021508
0.0021508,0.0021508,0.0021508,0.0021508,0.0021508,0.0021508,0.0021508,0.0021508,0.0021508,0.0021508,0.0021508,0.0021508,0.0021508,0.0021508,0.0021508,0.0021508,0.0021508,0.0021508,0.0021508,0.0021508,0.0021508,0.0021508,0.0021508,0.0021508,0.0021508,0.0021508,0.0021508,0.0021508,0.0021508,0.0021508,0.0021508,0.0021508,0.0021508,0.0021508,0.0021508,0.0021508,0.0021508,0.0021508,0.0021508,0.0021508,0.0021508,0.0021508,0.0021508,0.0021508,0.0021508,0.0021508,0.0021507,0.0021512,0.0021499,0.0021515,0.0021511,0.0021502,0.00215,0.0021502,0.0021506,0.0021509,0.0021508,0.0021508,0.0021508,0.0021508,0.0021508,0.0021508,0.0021508,0.0021508,0.0021508,0.0021508,0.0021508,0.0021508,0.0021508,0.0021508,0.0021508,0.0021508,0.0021508,0.0021508,0.0021508,0.0021508,0.0021508,0.0021508,0.0021508,0.0021508,0.0021508,0.0021508,0.0021508,0.0021508,0.0021508,0.0021508,0.0021508,0.0021508,0.0021508,0.0021508,0.0021508,0.0021508,0.0021508,0.0021508,0.0021508,0.0021508,0.0021508,0.0021508,0.0021508,0.0021508,0.0021508,0.0021508,0.0021508,0.0021508,0.0021508,0.0021508,0.0021508,0.0021508,0.0021508,0.0021508,0.0021508,0.0021508,0.0021508,0.0021508,0.0021508,0.0021508,0.0021508,0.0021508,0.0021508,0.0021508,0.0021508,0.0021508,0.0021508,0.0021508,0.0021508,0.0021508,0.0021508,0.0021508
0.0021508,0.0021508,0.0021508,0.0021508,0.0021508,0.0021508,0.0021508,0.0021508,0.0021508,0.0021508,0.0021508,0.0021508,0.0021508,0.0021508,0.0021508,0.0021508,0.0021508,0.0021508,0.0021508,0.0021508,0.0021508,0.0021508,0.0021508,0.0021508,0.0021508,0.0021508,0.0021508,0.0021508,0.0021508,0.0021508,0.0021508,0.0021508,0.0021508,0.0021508,0.0021508,0.0021508,0.0021508,0.0021508,0.0021508,0.0021508,0.0021508,0.0021508,0.0021508,0.0021508,0.0021508,0.0021507,0.0021512,0.0021493,0.002154,0.0021482,0.0021494,0.002153,0.0021538,0.0021529,0.0021514,0.0021503,0.0021507,0.0021508,0.0021508,0.0021508,0.0021508,0.0021508,0.0021508,0.0021508,0.0021508,0.0021508,0.0021508,0.0021508,0.0021508,0.0021508,0.0021508,0.0021508,0.0021508,0.0021508,0.0021508,0.0021508,0.0021508,0.0021508,0.0021508,0.0021508,0.0021508,0.0021508,0.0021508,0.0021508,0.0021508,0.0021508,0.0021508,0.0021508,0.0021508,0.0021508,0.0021508,0.0021508,0.0021508,0.0021508,0.0021508,0.0021508,0.0021508,0.0021508,0.0021508,0.0021508,0.0021508,0.0021508,0.0021508,0.0021508,0.0021508,0.0021508,0.0021508,0.0021508,0.0021508,0.0021508,0.0021508,0.0021508,0.0021508,0.0021508,0.0021508,0.0021508,0.0021508,0.0021508,0.0021508,0.0021508,0.0021508,0.0021508,0.0021508,0.0021508,0.0021508,0.0021508,0.0021508,0.0021508
0.0021508,0.0021508,0.0021508,0.0021508,0.0021508,0.0021508,0.0021508,0.0021508,0.0021508,0.0021508,0.0021508,0.0021508,0.0021508,0.0021508,0.0021508,0.0021508,0.0021508,0.0021508,0.0021508,0.0021508,0.0021508,0.0021508,0.0021508,0.0021508,0.0021508,0.0021508,0.0021508,0.0021508,0.0021508,0.0021508,0.0021508,0.0021508,0.0021508,0.0021508,0.0021508,0.0021508,0.0021508,0.0021508,0.0021508,0.0021508,0.0021508,0.0021508,0.0021508,0.0021508,0.0021508,0.002151,0.0021492,0.0021563,0.0021389,0.0021605,0.0021559,0.0021425,0.0021396,0.0021429,0.0021484,0.0021525,0.0021512,0.0021507,0.0021508,0.0021508,0.0021508,0.0021508,0.0021508,0.0021508,0.0021508,0.0021508,0.0021508,0.0021508,0.0021508,0.0021508,0.0021508,0.0021508,0.0021508,0.0021508,0.0021508,0.0021508,0.0021508,0.0021508,0.0021508,0.0021508,0.0021508,0.0021508,0.0021508,0.0021508,0.0021508,0.0021508,0.0021508,0.0021508,0.0021508,0.0021508,0.0021508,0.0021508,0.0021508,0.0021508,0.0021508,0.0021508,0.0021508,0.0021508,0.0021508,0.0021508,0.0021508,0.0021508,0.0021508,0.0021508,0.0021508,0.0021508,0.0021508,0.0021508,0.0021508,0.0021508,0.0021508,0.0021508,0.0021508,0.0021508,0.0021508,0.0021508,0.0021508,0.0021508,0.0021508,0.0021508,0.0021508,0.0021508,0.0021508,0.0021508,0.0021508,0.0021508,0.0021508,0.0021508
0.0021508,0.0021508,0.0021508,0.0021508,0.0021508,0.0021508,0.0021508,0.0021508,0.0021508,0.0021508,0.0021508,0.0021508,0.0021508,0.0021508,0.0021508,0.0021508,0.0021508,0.0021508,0.0021508,0.0021508,0.0021508,0.0021508,0.0021508,0.0021508,0.0021508,0.0021508,0.0021508,0.0021508,0.0021508,0.0021508,0.0021508,0.0021508,0.0021508,0.0021508,0.0021508,0.0021508,0.0021508,0.0021508,0.0021508,0.0021508,0.0021508,0.0021508,0.0021508,0.0021508,0.0021506,0.0021499,0.0021568,0.0021303,0.002195,0.0021145,0.0021316,0.0021818,0.0021925,0.0021803,0.0021596,0.0021443,0.0021493,0.0021512,0.0021507,0.0021508,0.0021508,0.0021508,0.0021508,0.0021508,0.0021508,0.0021508,0.0021508,0.0021508,0.0021508,0.0021508,0.0021508,0.0021508,0.0021508,0.0021508,0.0021508,0.0021508,0.0021508,0.0021508,0.0021508,0.0021508,0.0021508,0.0021508,0.0021508,0.0021508,0.0021508,0.0021508,0.0021508,0.0021508,0.0021508,0.0021508,0.0021508,0.0021508,0.0021508,0.0021508,0.0021508,0.0021508,0.0021508,0.0021508,0.0021508,0.0021508,0.0021508,0.0021508,0.0021508,0.0021508,0.0021508,0.0021508,0.0021508,0.0021508,0.0021508,0.0021508,0.0021508,0.0021508,0.0021508,0.0021508,0.0021508,0.0021508,0.0021508,0.0021508,0.0021508,0.0021508,0.0021508,0.0021508,0.0021508,0.0021508,0.0021508,0.0021508,0.0021508,0.0021508
0.0021508,0.0021508,0.0021508,0.0021508,0.0021508,0.0021508,0.0021508,0.0021508,0.0021508,0.0021508,0.0021508,0.0021508,0.0021508,0.0021508,0.0021508,0.0021508,0.0021508,0.0021508,0.0021508,0.0021508,0.0021508,0.0021508,0.0021508,0.0021508,0.0021508,0.0021508,0.0021508,0.0021508,0.0021508,0.0021508,0.0021508,0.0021508,0.0021508,0.0021508,0.0021508,0.0021508,0.0021508,0.0021508,0.0021508,0.0021508,0.0021508,0.0021508,0.0021508,0.0021506,0.0021516,0.002154,0.0021283,0.0022272,0.0019857,0.0022862,0.0022224,0.0020349,0.001995,0.0020407,0.0021178,0.0021749,0.0021562,0.0021493,0.0021512,0.0021507,0.0021508,0.0021508,0.0021508,0.0021508,0.0021508,0.0021508,0.0021508,0.0021508,0.0021508,0.0021508,0.0021508,0.0021508,0.0021508,0.0021508,0.0021508,0.0021508,0.0021508,0.0021508,0.0021508,0.0021508,0.0021508,0.0021508,0.0021508,0.0021508,0.0021508,0.0021508,0.0021508,0.0021508,0.0021508,0.0021508,0.0021508,0.0021508,0.0021508,0.0021508,0.0021508,0.0021508,0.0021508,0.0021508,0.0021508,0.0021508,0.0021508,0.0021508,0.0021508,0.0021508,0.0021508,0.0021508,0.0021508,0.0021508,0.0021508,0.0021508,0.0021508,0.0021508,0.0021508,0.0021508,0.0021508,0.0021508,0.0021508,0.0021508,0.0021508,0.0021508,0.0021508,0.0021508,0.0021508,0.0021508,0.0021508,0.0021508,0.0021508,0.0021508
0.0021508,0.0021508,0.0021508,0.0021508,0.0021508,0.0021508,0.0021508,0.0021508,0.0021508,0.0021508,0.0021508,0.0021508,0.0021508,0.0021508,0.0021508,0.0021508,0.0021508,0.0021508,0.0021508,0.0021508,0.0021508,0.0021508,0.0021508,0.0021508,0.0021508,0.0021508,0.0021508,0.0021508,0.0021508,0.0021508,0.0021508,0.0021508,0.0021508,0.0021508,0.0021508,0.0021508,0.0021508,0.0021508,0.0021508,0.0021508,0.0021508,0.0021508,0.0021506,0.0021516,0.0021479,0.0021388,0.0022347,0.0018656,0.0027667,0.0016453,0.0018836,0.0025834,0.0027323,0.0025615,0.0022737,0.0020606,0.0021307,0.0021564,0.0021493,0.0021512,0.0021507,0.0021508,0.0021508,0.0021508,0.0021508,0.0021508,0.0021508,0.0021508,0.0021508,0.0021508,0.0021508,0.0021508,0.0021508,0.0021508,0.0021508,0.0021508,0.0021508,0.0021508,0.0021508,0.0021508,0.0021508,0.0021508,0.0021508,0.0021508,0.0021508,0.0021508,0.0021508,0.0021508,0.0021508,0.0021508,0.0021508,0.0021508,0.0021508,0.0021508,0.0021508,0.0021508,0.0021508,0.0021508,0.0021508,0.0021508,0.0021508,0.0021508,0.0021508,0.0021508,0.0021508,0.0021508,0.0021508,0.0021508,0.0021508,0.0021508,0.0021508,0.0021508,0.0021508,0.0021508,0.0021508,0.0021508,0.0021508,0.0021508,0.0021508,0.0021508,0.0021508,0.0021508,0.0021508,0.0021508,0.0021508,0.0021508,0.0021508,0.0021508
0.0021508,0.0021508,0.0021508,0.0021508,0.0021508,0.0021508,0.0021508,0.0021508,0.0021508,0.0021508,0.0021508,0.0021508,0.0021508,0.0021508,0.0021508,0.0021508,0.0021508,0.0021508,0.0021508,0.0021508,0.0021508,0.0021508,0.0021508,0.0021508,0.0021508,0.0021508,0.0021508,0.0021508,0.0021508,0.0021508,0.0021508,0.0021508,0.0021508,0.0021508,0.0021508,0.0021508,0.0021508,0.0021508,0.0021508,0.0021508,0.0021508,0.0021506,0.0021516,0.0021479,0.0021616,0.0021956,0.0018377,0.0032149,0.0001478,0.0040373,0.0031481,0.00053637,1.9571e-05,0.00061782,0.0016921,0.0024872,0.0022257,0.0021297,0.0021563,0.0021493,0.0021512,0.0021507,0.0021508,0.0021508,0.0021508,0.0021508,0.0021508,0.0021508,0.0021508,0.0021508,0.0021508,0.0021508,0.0021508,0.0021508,0.0021508,0.0021508,0.0021508,0.0021508,0.0021508,0.0021508,0.0021508,0.0021508,0.0021508,0.0021508,0.0021508,0.0021508,0.0021508,0.0021508,0.0021508,0.0021508,0.0021508,0.0021508,0.0021508,0.0021508,0.0021508,0.0021508,0.0021508,0.0021508,0.0021508,0.0021508,0.0021508,0.0021508,0.0021508,0.0021508,0.0021508,0.0021508,0.0021508,0.0021508,0.0021508,0.0021508,0.0021508,0.0021508,0.0021508,0.0021508,0.0021508,0.0021508,0.0021508,0.0021508,0.0021508,0.0021508,0.0021508,0.0021508,0.0021508,0.0021508,0.0021508,0.0021508,0.0021508,0.0021508
0.0021508,0.0021508,0.0021508,0.0021508,0.0021508,0.0021508,0.0021508,0.0021508,0.0021508,0.0021508,0.0021508,0.0021508,0.0021508,0.0021508,0.0021508,0.0021508,0.0021508,0.0021508,0.0021508,0.0021508,0.0021508,0.0021508,0.0021508,0.0021508,0.0021508,0.0021508,0.0021508,0.0021508,0.0021508,0.0021508,0.0021508,0.0021508,0.0021508,0.0021508,0.0021508,0.0021508,0.0021508,0.0021508,0.0021508,0.0021508,0.0021506,0.0021516,0.0021479,0.0021616,0.0021102,0.0019836,0.0033191,0.0018208,0.010729,0.0048898,0.0015711,0.0081758,0.010251,0.0078718,0.0038626,0.00089537,0.0018712,0.0022295,0.00213,0.0021564,0.0021493,0.0021512,0.0021507,0.0021508,0.0021508,0.0021508,0.0021508,0.0021508,0.0021508,0.0021508,0.0021508,0.0021508,0.0021508,0.0021508,0.0021508,0.0021508,0.0021508,0.0021508,0.0021508,0.0021508,0.0021508,0.0021508,0.0021508,0.0021508,0.0021508,0.0021508,0.0021508,0.0021508,0.0021508,0.0021508,0.0021508,0.0021508,0.0021508,0.0021508,0.0021508,0.0021508,0.0021508,0.0021508,0.0021508,0.0021508,0.0021508,0.0021508,0.0021508,0.0021508,0.0021508,0.0021508,0.0021508,0.0021508,0.0021508,0.0021508,0.0021508,0.0021508,0.0021508,0.0021508,0.0021508,0.0021508,0.0021508,0.0021508,0.0021508,0.0021508,0.0021508,0.0021508,0.0021508,0.0021508,0.0021508,0.0021508,0.0021508,0.0021508
0.0021508,0.0021508,0.0021508,0.0021508,0.0021508,0.0021508,0.0021508,0.0021508,0.0021508,0.0021508,0.0021508,0.0021508,0.0021508,0.0021508,0.0021508,0.0021508,0.0021508,0.0021508,0.0021508,0.0021508,0.0021508,0.0021508,0.0021508,0.0021508,0.0021508,0.0021508,0.0021508,0.0021508,0.0021508,0.0021508,0.0021508,0.0021508,0.0021508,0.0021508,0.0021508,0.0021508,0.0021508,0.0021508,0.0021508,0.0021506,0.0021516,0.0021479,0.0021616,0.0021102,0.002302,0.0027746,0.0022094,0.016973,0.029864,0.028427,0.016041,0.020335,0.028078,0.019201,0.0042377,0.006836,0.0031942,0.0018568,0.0022282,0.0021296,0.0021564,0.0021493,0.0021512,0.0021507,0.0021508,0.0021508,0.0021508,0.0021508,0.0021508,0.0021508,0.0021508,0.0021508,0.0021508,0.0021508,0.0021508,0.0021508,0.0021508,0.0021508,0.0021508,0.0021508,0.0021508,0.0021508,0.0021508,0.0021508,0.0021508,0.0021508,0.0021508,0.0021508,0.0021508,0.0021508,0.0021508,0.0021508,0.0021508,0.0021508,0.0021508,0.0021508,0.0021508,0.0021508,0.0021508,0.0021508,0.0021508,0.0021508,0.0021508,0.0021508,0.0021508,0.0021508,0.0021508,0.0021508,0.0021508,0.0021508,0.0021508,0.0021508,0.0021508,0.0021508,0.0021508,0.0021508,0.0021508,0.0021508,0.0021508,0.0021508,0.0021508,0.0021508,0.0021508,0.0021508,0.0021508,0.0021508,0.0021508,0.0021508
0.0021508,0.0021508,0.0021508,0.0021508,0.0021508,0.0021508,0.0021508,0.0021508,0.0021508,0.0021508,0.0021508,0.0021508,0.0021508,0.0021508,0.0021508,0.0021508,0.0021508,0.0021508,0.0021508,0.0021508,0.0021508,0.0021508,0.0021508,0.0021508,0.0021508,0.0021508,0.0021508,0.0021508,0.0021508,0.0021508,0.0021508,0.0021508,0.0021508,0.0021508,0.0021508,0.0021508,0.0021508,0.0021509,0.0021505,0.0021518,0.0021468,0.0021657,0.0020951,0.0023585,0.0013757,0.00060868,0.015489,0.042216,0.08077,0.20386,0.18464,0.17172,0.13518,0.079382,0.02665,0.015511,0.0016963,0.0032352,0.0018653,0.0022289,0.0021298,0.0021564,0.0021493,0.0021512,0.0021507,0.0021508,0.0021508,0.0021508,0.0021508,0.0021508,0.0021508,0.0021508,0.0021508,0.0021508,0.0021508,0.0021508,0.0021508,0.0021508,0.0021508,0.0021508,0.0021508,0.0021508,0.0021508,0.0021508,0.0021508,0.0021508,0.0021508,0.0021508,0.0021508,0.0021508,0.0021508,0.0021508,0.0021508,0.0021508,0.0021508,0.0021508,0.0021508,0.0021508,0.0021508,0.0021508,0.0021508,0.0021508,0.0021508,0.0021508,0.0021508,0.0021508,0.0021508,0.0021508,0.0021508,0.0021508,0.0021508,0.0021508,0.0021508,0.0021508,0.0021508,0.0021508,0.0021508,0.0021508,0.0021508,0.0021508,0.0021508,0.0021508,0.0021508,0.0021508,0.0021508,0.0021508,0.0021508,0.0021508
0.0021508,0.0021508,0.0021508,0.0021508,0.0021508,0.0021508,0.0021508,0.0021508,0.0021508,0.0021508,0.0021508,0.0021508,0.0021508,0.0021508,0.0021508,0.0021508,0.0021508,0.0021508,0.0021508,0.0021508,0.0021508,0.0021508,0.0021508,0.0021508,0.0021508,0.0021508,0.0021508,0.0021508,0.0021508,0.0021508,0.0021508,0.0021508,0.0021508,0.0021508,0.0021508,0.0021508,0.0021509,0.0021504,0.0021521,0.002146,0.0021687,0.0020839,0.0024004,0.001219,0.0056281,0.0057242,0.039487,0.138,0.19147,0.14622,0.15461,0.1574,0.16661,0.18455,0.18371,0.20764,0.0059612,0.00092963,0.002459,0.0020622,0.0021745,0.0021444,0.0021525,0.0021503,0.0021509,0.0021507,0.0021508,0.0021508,0.0021508,0.0021508,0.0021508,0.0021508,0.0021508,0.0021508,0.0021508,0.0021508,0.0021508,0.0021508,0.0021508,0.0021508,0.0021508,0.0021508,0.0021508,0.0021508,0.0021508,0.0021508,0.0021508,0.0021508,0.0021508,0.0021508,0.0021508,0.0021508,0.0021508,0.0021508,0.0021508,0.0021508,0.0021508,0.0021508,0.0021508,0.0021508,0.0021508,0.0021508,0.0021508,0.0021508,0.0021508,0.0021508,0.0021508,0.0021508,0.0021508,0.0021508,0.0021508,0.0021508,0.0021508,0.0021508,0.0021508,0.0021508,0.0021508,0.0021508,0.0021508,0.0021508,0.0021508,0.0021508,0.0021508,0.0021508,0.0021508,0.0021508,0.0021508,0.0021508
0.0021508,0.0021508,0.0021508,0.0021508,0.0021508,0.0021508,0.0021508,0.0021508,0.0021508,0.0021508,0.0021508,0.0021508,0.0021508,0.0021508,0.0021508,0.0021508,0.0021508,0.0021508,0.0021508,0.0021508,0.0021508,0.0021508,0.0021508,0.0021508,0.0021508,0.0021508,0.0021508,0.0021508,0.0021508,0.0021508,0.0021508,0.0021508,0.0021508,0.0021508,0.0021508,0.0021509,0.0021505,0.002152,0.0021463,0.0021674,0.0020889,0.0023817,0.001289,0.0053669,0.0098521,0.014823,0.18189,0.1718,0.15069,0.16464,0.16188,0.16137,0.15844,0.15523,0.14954,0.16518,0.1352,0.032301,0.011453,0.00031933,0.0028126,0.0019734,0.0021983,0.002138,0.0021542,0.0021499,0.002151,0.0021507,0.0021508,0.0021508,0.0021508,0.0021508,0.0021508,0.0021508,0.0021508,0.0021508,0.0021508,0.0021508,0.0021508,0.0021508,0.0021508,0.0021508,0.0021508,0.0021508,0.0021508,0.0021508,0.0021508,0.0021508,0.0021508,0.0021508,0.0021508,0.0021508,0.0021508,0.0021508,0.0021508,0.0021508,0.0021508,0.0021508,0.0021508,0.0021508,0.0021508,0.0021508,0.0021508,0.0021508,0.0021508,0.0021508,0.0021508,0.0021508,0.0021508,0.0021508,0.0021508,0.0021508,0.0021508,0.0021508,0.0021508,0.0021508,0.0021508,0.0021508,0.0021508,0.0021508,0.0021508,0.0021508,0.0021508,0.0021508,0.0021508,0.0021508,0.0021508,0.0021508
0.0021508,0.0021508,0.0021508,0.0021508,0.0021508,0.0021508,0.0021508,0.0021508,0.0021508,0.0021508,0.0021508,0.0021508,0.0021508,0.0021508,0.0021508,0.0021508,0.0021508,0.0021508,0.0021508,0.0021508,0.0021508,0.0021508,0.0021508,0.0021508,0.0021508,0.0021508,0.0021508,0.0021508,0.0021508,0.0021508,0.0021508,0.0021508,0.0021508,0.0021508,0.0021508,0.0021506,0.0021514,0.0021486,0.0021589,0.0021205,0.0022639,0.0017287,0.0037259,0.0037275,0.024089,0.2058,0.15454,0.15744,0.16304,0.15931,0.16006,0.16015,0.16112,0.16131,0.16534,0.15179,0.19475,0.0052263,0.0010619,0.0023588,0.002095,0.0021657,0.0021468,0.0021518,0.0021505,0.0021509,0.0021508,0.0021508,0.0021508,0.0021508,0.0021508,0.0021508,0.0021508,0.0021508,0.0021508,0.0021508,0.0021508,0.0021508,0.0021508,0.0021508,0.0021508,0.0021508,0.0021508,0.0021508,0.0021508,0.0021508,0.0021508,0.0021508,0.0021508,0.0021508,0.0021508,0.0021508,0.0021508,0.0021508,0.0021508,0.0021508,0.0021508,0.0021508,0.0021508,0.0021508,0.0021508,0.0021508,0.0021508,0.0021508,0.0021508,0.0021508,0.0021508,0.0021508,0.0021508,0.0021508,0.0021508,0.0021508,0.0021508,0.0021508,0.0021508,0.0021508,0.0021508,0.0021508,0.0021508,0.0021508,0.0021508,0.0021508,0.0021508,0.0021508,0.0021508,0.0021508,0.0021508,0.0021508
0.0021508,0.0021508,0.0021508,0.0021508,0.0021508,0.0021508,0.0021508,0.0021508,0.0021508,0.0021508,0.0021508,0.0021508,0.0021508,0.0021508,0.0021508,0.0021508,0.0021508,0.0021508,0.0021508,0.0021508,0.0021508,0.0021508,0.0021508,0.0021508,0.0021508,0.0021508,0.0021508,0.0021508,0.0021508,0.0021508,0.0021508,0.0021508,0.0021508,0.0021507,0.0021509,0.0021502,0.002153,0.0021425,0.0021816,0.0020356,0.0025807,0.00054627,0.0081389,0.020197,0.085554,0.17794,0.15408,0.16337,0.15917,0.16089,0.16051,0.1605,0.16036,0.15983,0.16054,0.15748,0.17096,0.12583,0.029772,0.011017,0.0002249,0.0027873,0.0019802,0.0021965,0.0021385,0.0021541,0.0021499,0.002151,0.0021507,0.0021508,0.0021508,0.0021508,0.0021508,0.0021508,0.0021508,0.0021508,0.0021508,0.0021508,0.0021508,0.0021508,0.0021508,0.0021508,0.0021508,0.0021508,0.0021508,0.0021508,0.0021508,0.0021508,0.0021508,0.0021508,0.0021508,0.0021508,0.0021508,0.0021508,0.0021508,0.0021508,0.0021508,0.0021508,0.0021508,0.0021508,0.0021508,0.0021508,0.0021508,0.0021508,0.0021508,0.0021508,0.0021508,0.0021508,0.0021508,0.0021508,0.0021508,0.0021508,0.0021508,0.0021508,0.0021508,0.0021508,0.0021508,0.0021508,0.0021508,0.0021508,0.0021508,0.0021508,0.0021508,0.0021508,0.0021508,0.0021508,0.0021508,0.0021508
0.0021508,0.0021508,0.0021508,0.0021508,0.0021508,0.0021508,0.0021508,0.0021508,0.0021508,0.0021508,0.0021508,0.0021508,0.0021508,0.0021508,0.0021508,0.0021508,0.0021508,0.0021508,0.0021508,0.0021508,0.0021508,0.0021508,0.0021508,0.0021508,0.0021508,0.0021508,0.0021508,0.0021508,0.0021508,0.0021508,0.0021508,0.0021508,0.0021508,0.0021507,0.0021509,0.0021503,0.0021526,0.0021441,0.0021757,0.0020578,0.0024977,0.00085598,0.006983,0.015883,0.069455,0.18542,0.15416,0.1618,0.1602,0.16047,0.16038,0.16044,0.16042,0.16074,0.15991,0.1631,0.15066,0.19573,0.0049466,0.0028861,0.0019538,0.0022036,0.0021366,0.0021546,0.0021498,0.002151,0.0021507,0.0021508,0.0021508,0.0021508,0.0021508,0.0021508,0.0021508,0.0021508,0.0021508,0.0021508,0.0021508,0.0021508,0.0021508,0.0021508,0.0021508,0.0021508,0.0021508,0.0021508,0.0021508,0.0021508,0.0021508,0.0021508,0.0021508,0.0021508,0.0021508,0.0021508,0.0021508,0.0021508,0.0021508,0.0021508,0.0021508,0.0021508,0.0021508,0.0021508,0.0021508,0.0021508,0.0021508,0.0021508,0.0021508,0.0021508,0.0021508,0.0021508,0.0021508,0.0021508,0.0021508,0.0021508,0.0021508,0.0021508,0.0021508,0.0021508,0.0021508,0.0021508,0.0021508,0.0021508,0.0021508,0.0021508,0.0021508,0.0021508,0.0021508,0.0021508,0.0021508,0.0021508
0.0021508,0.0021508,0.0021508,0.0021508,0.0021508,0.0021508,0.0021508,0.0021508,0.0021508,0.0021508,0.0021508,0.0021508,0.0021508,0.0021508,0.0021508,0.0021508,0.0021508,0.0021508,0.0021508,0.0021508,0.0021508,0.0021508,0.0021508,0.0021508,0.0021508,0.0021508,0.0021508,0.0021508,0.0021508,0.0021508,0.0021508,0.0021508,0.0021508,0.0021507,0.0021509,0.0021503,0.0021527,0.0021437,0.0021772,0.0020523,0.0025183,0.00077932,0.0072691,0.016951,0.07344,0.18317,0.15435,0.16212,0.15996,0.16058,0.16042,0.16046,0.16043,0.16046,0.16025,0.16097,0.15836,0.1684,0.13406,0.02874,0.010428,6.7091e-05,0.0027451,0.0019915,0.0021934,0.0021393,0.0021538,0.00215,0.002151,0.0021507,0.0021508,0.0021508,0.0021508,0.0021508,0.0021508,0.0021508,0.0021508,0.0021508,0.0021508,0.0021508,0.0021508,0.0021508,0.0021508,0.0021508,0.0021508,0.0021508,0.0021508,0.0021508,0.0021508,0.0021508,0.0021508,0.0021508,0.0021508,0.0021508,0.0021508,0.0021508,0.0021508,0.0021508,0.0021508,0.0021508,0.0021508,0.0021508,0.0021508,0.0021508,0.0021508,0.0021508,0.0021508,0.0021508,0.0021508,0.0021508,0.0021508,0.0021508,0.0021508,0.0021508,0.0021508,0.0021508,0.0021508,0.0021508,0.0021508,0.0021508,0.0021508,0.0021508,0.0021508,0.0021508,0.0021508,0.0021508,0.0021508,0.0021508
0.0021508,0.0021508,0.0021508,0.0021508,0.0021508,0.0021508,0.0021508,0.0021508,0.0021508,0.0021508,0.0021508,0.0021508,0.0021508,0.0021508,0.0021508,0.0021508,0.0021508,0.0021508,0.0021508,0.0021508,0.0021508,0.0021508,0.0021508,0.0021508,0.0021508,0.0021508,0.0021508,0.0021508,0.0021508,0.0021508,0.0021508,0.0021508,0.0021508,0.0021507,0.0021509,0.0021503,0.0021527,0.0021437,0.0021772,0.0020521,0.0025191,0.00077625,0.0072806,0.016994,0.0736,0.18468,0.15352,0.1624,0.15991,0.16057,0.1604,0.16043,0.16037,0.16053,0.16001,0.16213,0.15444,0.18329,0.081191,0.017971,0.0075423,0.00070611,0.0025379,0.0020471,0.0021786,0.0021433,0.0021528,0.0021502,0.0021509,0.0021507,0.0021508,0.0021508,0.0021508,0.0021508,0.0021508,0.0021508,0.0021508,0.0021508,0.0021508,0.0021508,0.0021508,0.0021508,0.0021508,0.0021508,0.0021508,0.0021508,0.0021508,0.0021508,0.0021508,0.0021508,0.0021508,0.0021508,0.0021508,0.0021508,0.0021508,0.0021508,0.0021508,0.0021508,0.0021508,0.0021508,0.0021508,0.0021508,0.0021508,0.0021508,0.0021508,0.0021508,0.0021508,0.0021508,0.0021508,0.0021508,0.0021508,0.0021508,0.0021508,0.0021508,0.0021508,0.0021508,0.0021508,0.0021508,0.0021508,0.0021508,0.0021508,0.0021508,0.0021508,0.0021508,0.0021508,0.0021508,0.0021508,0.0021508
0.0021508,0.0021508,0.0021508,0.0021508,0.0021508,0.0021508,0.0021508,0.0021508,0.0021508,0.0021508,0.0021508,0.0021508,0.0021508,0.0021508,0.0021508,0.0021508,0.0021508,0.0021508,0.0021508,0.0021508,0.0021508,0.0021508,0.0021508,0.0021508,0.0021508,0.0021508,0.0021508,0.0021508,0.0021508,0.0021508,0.0021508,0.0021508,0.0021508,0.0021507,0.0021509,0.0021503,0.0021526,0.0021441,0.0021755,0.0020585,0.0024953,0.00086518,0.0069487,0.015755,0.068977,0.18088,0.15667,0.16098,0.16034,0.1605,0.16043,0.16054,0.16056,0.16069,0.16002,0.1619,0.15386,0.183,0.026949,0.0096646,0.00013744,0.0026902,0.0020062,0.0021895,0.0021404,0.0021536,0.00215,0.002151,0.0021507,0.0021508,0.0021508,0.0021508,0.0021508,0.0021508,0.0021508,0.0021508,0.0021508,0.0021508,0.0021508,0.0021508,0.0021508,0.0021508,0.0021508,0.0021508,0.0021508,0.0021508,0.0021508,0.0021508,0.0021508,0.0021508,0.0021508,0.0021508,0.0021508,0.0021508,0.0021508,0.0021508,0.0021508,0.0021508,0.0021508,0.0021508,0.0021508,0.0021508,0.0021508,0.0021508,0.0021508,0.0021508,0.0021508,0.0021508,0.0021508,0.0021508,0.0021508,0.0021508,0.0021508,0.0021508,0.0021508,0.0021508,0.0021508,0.0021508,0.0021508,0.0021508,0.0021508,0.0021508,0.0021508,0.0021508,0.0021508,0.0021508,0.0021508,0.0021508
0.0021508,0.0021508,0.0021508,0.0021508,0.0021508,0.0021508,0.0021508,0.0021508,0.0021508,0.0021508,0.0021508,0.0021508,0.0021508,0.0021508,0.0021508,0.0021508,0.0021508,0.0021508,0.0021508,0.0021508,0.0021508,0.0021508,0.0021508,0.0021508,0.0021508,0.0021508,0.0021508,0.0021508,0.0021508,0.0021508,0.0021508,0.0021508,0.0021508,0.0021507,0.0021509,0.0021502,0.002153,0.0021423,0.0021823,0.0020332,0.0025897,0.00051252,0.0082648,0.020667,0.087309,0.19457,0.1449,0.16638,0.15866,0.16078,0.16033,0.16013,0.15998,0.15952,0.16194,0.1552,0.18425,0.079146,0.0199,0.0081353,0.00054723,0.0025804,0.0020356,0.0021816,0.0021425,0.002153,0.0021502,0.0021509,0.0021507,0.0021508,0.0021508,0.0021508,0.0021508,0.0021508,0.0021508,0.0021508,0.0021508,0.0021508,0.0021508,0.0021508,0.0021508,0.0021508,0.0021508,0.0021508,0.0021508,0.0021508,0.0021508,0.0021508,0.0021508,0.0021508,0.0021508,0.0021508,0.0021508,0.0021508,0.0021508,0.0021508,0.0021508,0.0021508,0.0021508,0.0021508,0.0021508,0.0021508,0.0021508,0.0021508,0.0021508,0.0021508,0.0021508,0.0021508,0.0021508,0.0021508,0.0021508,0.0021508,0.0021508,0.0021508,0.0021508,0.0021508,0.0021508,0.0021508,0.0021508,0.0021508,0.0021508,0.0021508,0.0021508,0.0021508,0.0021508,0.0021508,0.0021508,0.0021508
0.0021508,0.0021508,0.0021508,0.0021508,0.0021508,0.0021508,0.0021508,0.0021508,0.0021508,0.0021508,0.0021508,0.0021508,0.0021508,0.0021508,0.0021508,0.0021508,0.0021508,0.0021508,0.0021508,0.0021508,0.0021508,0.0021508,0.0021508,0.0021508,0.0021508,0.0021508,0.0021508,0.0021508,0.0021508,0.0021508,0.0021508,0.0021508,0.0021508,0.0021508,0.0021507,0.0021509,0.0021503,0.0021527,0.0021436,0.0021777,0.0020502,0.0025261,0.00075009,0.0073782,0.017358,0.14462,0.18855,0.14627,0.16496,0.15972,0.16072,0.16149,0.16274,0.16169,0.16302,0.14942,0.18569,0.021109,0.0087637,0.00035851,0.002631,0.0020221,0.0021853,0.0021415,0.0021533,0.0021501,0.002151,0.0021507,0.0021508,0.0021508,0.0021508,0.0021508,0.0021508,0.0021508,0.0021508,0.0021508,0.0021508,0.0021508,0.0021508,0.0021508,0.0021508,0.0021508,0.0021508,0.0021508,0.0021508,0.0021508,0.0021508,0.0021508,0.0021508,0.0021508,0.0021508,0.0021508,0.0021508,0.0021508,0.0021508,0.0021508,0.0021508,0.0021508,0.0021508,0.0021508,0.0021508,0.0021508,0.0021508,0.0021508,0.0021508,0.0021508,0.0021508,0.0021508,0.0021508,0.0021508,0.0021508,0.0021508,0.0021508,0.0021508,0.0021508,0.0021508,0.0021508,0.0021508,0.0021508,0.0021508,0.0021508,0.0021508,0.0021508,0.0021508,0.0021508,0.0021508,0.0021508,0.0021508
0.0021508,0.0021508,0.0021508,0.0021508,0.0021508,0.0021508,0.0021508,0.0021508,0.0021508,0.0021508,0.0021508,0.0021508,0.0021508,0.0021508,0.0021508,0.0021508,0.0021508,0.0021508,0.0021508,0.0021508,0.0021508,0.0021508,0.0021508,0.0021508,0.0021508,0.0021508,0.0021508,0.0021508,0.0021508,0.0021508,0.0021508,0.0021508,0.0021508,0.0021508,0.0021508,0.0021507,0.002151,0.0021501,0.0021533,0.0021412,0.0021865,0.0020175,0.0026482,0.00029432,0.0090792,0.04197,0.09376,0.20306,0.14632,0.16238,0.1596,0.15643,0.15196,0.15536,0.15229,0.19599,0.086934,0.022643,0.0086922,0.00040346,0.002619,0.0020253,0.0021844,0.0021418,0.0021532,0.0021501,0.002151,0.0021507,0.0021508,0.0021508,0.0021508,0.0021508,0.0021508,0.0021508,0.0021508,0.0021508,0.0021508,0.0021508,0.0021508,0.0021508,0.0021508,0.0021508,0.0021508,0.0021508,0.0021508,0.0021508,0.0021508,0.0021508,0.0021508,0.0021508,0.0021508,0.0021508,0.0021508,0.0021508,0.0021508,0.0021508,0.0021508,0.0021508,0.0021508,0.0021508,0.0021508,0.0021508,0.0021508,0.0021508,0.0021508,0.0021508,0.0021508,0.0021508,0.0021508,0.0021508,0.0021508,0.0021508,0.0021508,0.0021508,0.0021508,0.0021508,0.0021508,0.0021508,0.0021508,0.0021508,0.0021508,0.0021508,0.0021508,0.0021508,0.0021508,0.0021508,0.0021508,0.0021508
0.0021508,0.0021508,0.0021508,0.0021508,0.0021508,0.0021508,0.0021508,0.0021508,0.0021508,0.0021508,0.0021508,0.0021508,0.0021508,0.0021508,0.0021508,0.0021508,0.0021508,0.0021508,0.0021508,0.0021508,0.0021508,0.0021508,0.0021508,0.0021508,0.0021508,0.0021508,0.0021508,0.0021508,0.0021508,0.0021508,0.0021508,0.0021508,0.0021508,0.0021508,0.0021508,0.0021508,0.0021507,0.002151,0.0021498,0.0021543,0.0021375,0.0022004,0.0019657,0.0028413,0.00042648,0.016663,0.032435,0.035519,0.20391,0.15571,0.16277,0.17612,0.18994,0.18716,0.16189,0.13577,0.013598,0.0069269,0.00089835,0.0024849,0.0020612,0.0021748,0.0021443,0.0021525,0.0021503,0.0021509,0.0021507,0.0021508,0.0021508,0.0021508,0.0021508,0.0021508,0.0021508,0.0021508,0.0021508,0.0021508,0.0021508,0.0021508,0.0021508,0.0021508,0.0021508,0.0021508,0.0021508,0.0021508,0.0021508,0.0021508,0.0021508,0.0021508,0.0021508,0.0021508,0.0021508,0.0021508,0.0021508,0.0021508,0.0021508,0.0021508,0.0021508,0.0021508,0.0021508,0.0021508,0.0021508,0.0021508,0.0021508,0.0021508,0.0021508,0.0021508,0.0021508,0.0021508,0.0021508,0.0021508,0.0021508,0.0021508,0.0021508,0.0021508,0.0021508,0.0021508,0.0021508,0.0021508,0.0021508,0.0021508,0.0021508,0.0021508,0.0021508,0.0021508,0.0021508,0.0021508,0.0021508,0.0021508
0.0021508,0.0021508,0.0021508,0.0021508,0.0021508,0.0021508,0.0021508,0.0021508,0.0021508,0.0021508,0.0021508,0.0021508,0.0021508,0.0021508,0.0021508,0.0021508,0.0021508,0.0021508,0.0021508,0.0021508,0.0021508,0.0021508,0.0021508,0.0021508,0.0021508,0.0021508,0.0021508,0.0021508,0.0021508,0.0021508,0.0021508,0.0021508,0.0021508,0.0021508,0.0021508,0.0021508,0.0021508,0.0021507,0.0021511,0.0021496,0.002155,0.002135,0.0022097,0.0019308,0.0029719,0.002225,0.013236,0.013576,0.010597,0.17865,0.15131,0.10317,0.043688,0.0016074,0.021289,0.031009,0.0059341,0.00098799,0.002455,0.0020696,0.0021725,0.002145,0.0021523,0.0021504,0.0021509,0.0021507,0.0021508,0.0021508,0.0021508,0.0021508,0.0021508,0.0021508,0.0021508,0.0021508,0.0021508,0.0021508,0.0021508,0.0021508,0.0021508,0.0021508,0.0021508,0.0021508,0.0021508,0.0021508,0.0021508,0.0021508,0.0021508,0.0021508,0.0021508,0.0021508,0.0021508,0.0021508,0.0021508,0.0021508,0.0021508,0.0021508,0.0021508,0.0021508,0.0021508,0.0021508,0.0021508,0.0021508,0.0021508,0.0021508,0.0021508,0.0021508,0.0021508,0.0021508,0.0021508,0.0021508,0.0021508,0.0021508,0.0021508,0.0021508,0.0021508,0.0021508,0.0021508,0.0021508,0.0021508,0.0021508,0.0021508,0.0021508,0.0021508,0.0021508,0.0021508,0.0021508,0.0021508,0.0021508
0.0021508,0.0021508,0.0021508,0.0021508,0.0021508,0.0021508,0.0021508,0.0021508,0.0021508,0.0021508,0.0021508,0.0021508,0.0021508,0.0021508,0.0021508,0.0021508,0.0021508,0.0021508,0.0021508,0.0021508,0.0021508,0.0021508,0.0021508,0.0021508,0.0021508,0.0021508,0.0021508,0.0021508,0.0021508,0.0021508,0.0021508,0.0021508,0.0021508,0.0021508,0.0021508,0.0021508,0.0021508,0.0021508,0.0021507,0.0021511,0.0021495,0.0021555,0.0021331,0.0022168,0.0019044,0.0034215,0.0011862,0.0077329,0.000461,0.022829,0.023392,0.025814,0.0087242,0.0022281,0.0084497,0.011031,0.0011384,0.002462,0.0020693,0.0021725,0.002145,0.0021523,0.0021504,0.0021509,0.0021507,0.0021508,0.0021508,0.0021508,0.0021508,0.0021508,0.0021508,0.0021508,0.0021508,0.0021508,0.0021508,0.0021508,0.0021508,0.0021508,0.0021508,0.0021508,0.0021508,0.0021508,0.0021508,0.0021508,0.0021508,0.0021508,0.0021508,0.0021508,0.0021508,0.0021508,0.0021508,0.0021508,0.0021508,0.0021508,0.0021508,0.0021508,0.0021508,0.0021508,0.0021508,0.0021508,0.0021508,0.0021508,0.0021508,0.0021508,0.0021508,0.0021508,0.0021508,0.0021508,0.0021508,0.0021508,0.0021508,0.0021508,0.0021508,0.0021508,0.0021508,0.0021508,0.0021508,0.0021508,0.0021508,0.0021508,0.0021508,0.0021508,0.0021508,0.0021508,0.0021508,0.0021508,0.0021508,0.0021508
0.0021508,0.0021508,0.0021508,0.0021508,0.0021508,0.0021508,0.0021508,0.0021508,0.0021508,0.0021508,0.0021508,0.0021508,0.0021508,0.0021508,0.0021508,0.0021508,0.0021508,0.0021508,0.0021508,0.0021508,0.0021508,0.0021508,0.0021508,0.0021508,0.0021508,0.0021508,0.0021508,0.0021508,0.0021508,0.0021508,0.0021508,0.0021508,0.0021507,0.0021507,0.0021507,0.0021507,0.0021508,0.0021508,0.0021508,0.0021507,0.0021511,0.0021495,0.0021555,0.0021331,0.0022168,0.0018103,0.0030449,0.00065506,0.0026036,0.0088441,0.0089948,0.0096439,0.0050647,0.0021301,0.00046298,0.00022869,0.0024221,0.0020674,0.0021726,0.002145,0.0021523,0.0021504,0.0021509,0.0021507,0.0021508,0.0021508,0.0021508,0.0021508,0.0021508,0.0021508,0.0021508,0.0021508,0.0021508,0.0021508,0.0021508,0.0021508,0.0021508,0.0021508,0.0021508,0.0021508,0.0021508,0.0021508,0.0021508,0.0021508,0.0021508,0.0021508,0.0021508,0.0021508,0.0021508,0.0021508,0.0021508,0.0021508,0.0021508,0.0021508,0.0021508,0.0021508,0.0021508,0.0021508,0.0021508,0.0021508,0.0021508,0.0021508,0.0021508,0.0021508,0.0021508,0.0021508,0.0021508,0.0021508,0.0021508,0.0021508,0.0021508,0.0021508,0.0021508,0.0021508,0.0021508,0.0021508,0.0021508,0.0021508,0.0021508,0.0021508,0.0021508,0.0021508,0.0021508,0.0021508,0.0021508,0.0021508,0.0021508,0.0021508
0.0021508,0.0021508,0.0021508,0.0021508,0.0021508,0.0021508,0.0021508,0.0021508,0.0021508,0.0021508,0.0021508,0.0021508,0.0021508,0.0021508,0.0021508,0.0021508,0.0021508,0.0021508,0.0021508,0.0021508,0.0021508,0.0021508,0.0021508,0.0021508,0.0021508,0.0021508,0.0021508,0.0021508,0.0021508,0.0021508,0.0021508,0.0021507,0.0021509,0.0021509,0.002151,0.002151,0.0021509,0.0021508,0.0021508,0.0021508,0.0021507,0.0021511,0.0021495,0.0021555,0.0021331,0.002242,0.0019112,0.0025516,0.0020295,0.00035732,0.00031692,0.000143,0.00137,0.0021563,0.002603,0.0027884,0.0020781,0.0021731,0.0021449,0.0021523,0.0021504,0.0021509,0.0021507,0.0021508,0.0021508,0.0021508,0.0021508,0.0021508,0.0021508,0.0021508,0.0021508,0.0021508,0.0021508,0.0021508,0.0021508,0.0021508,0.0021508,0.0021508,0.0021508,0.0021508,0.0021508,0.0021508,0.0021508,0.0021508,0.0021508,0.0021508,0.0021508,0.0021508,0.0021508,0.0021508,0.0021508,0.0021508,0.0021508,0.0021508,0.0021508,0.0021508,0.0021508,0.0021508,0.0021508,0.0021508,0.0021508,0.0021508,0.0021508,0.0021508,0.0021508,0.0021508,0.0021508,0.0021508,0.0021508,0.0021508,0.0021508,0.0021508,0.0021508,0.0021508,0.0021508,0.0021508,0.0021508,0.0021508,0.0021508,0.0021508,0.0021508,0.0021508,0.0021508,0.0021508,0.0021508,0.0021508,0.0021508,0.0021508
0.0021508,0.0021508,0.0021508,0.0021508,0.0021508,0.0021508,0.0021508,0.0021508,0.0021508,0.0021508,0.0021508,0.0021508,0.0021508,0.0021508,0.0021508,0.0021508,0.0021508,0.0021508,0.0021508,0.0021508,0.0021508,0.0021508,0.0021508,0.0021508,0.0021508,0.0021508,0.0021508,0.0021508,0.0021508,0.0021508,0.0021507,0.0021511,0.0021504,0.0021504,0.0021501,0.00215,0.0021505,0.0021509,0.0021508,0.0021508,0.0021508,0.0021507,0.0021511,0.0021495,0.0021555,0.0021263,0.002215,0.0020434,0.0021833,0.0026313,0.0026422,0.0026888,0.00236,0.0021493,0.0020296,0.0019799,0.0021703,0.0021448,0.0021523,0.0021504,0.0021509,0.0021507,0.0021508,0.0021508,0.0021508,0.0021508,0.0021508,0.0021508,0.0021508,0.0021508,0.0021508,0.0021508,0.0021508,0.0021508,0.0021508,0.0021508,0.0021508,0.0021508,0.0021508,0.0021508,0.0021508,0.0021508,0.0021508,0.0021508,0.0021508,0.0021508,0.0021508,0.0021508,0.0021508,0.0021508,0.0021508,0.0021508,0.0021508,0.0021508,0.0021508,0.0021508,0.0021508,0.0021508,0.0021508,0.0021508,0.0021508,0.0021508,0.0021508,0.0021508,0.0021508,0.0021508,0.0021508,0.0021508,0.0021508,0.0021508,0.0021508,0.0021508,0.0021508,0.0021508,0.0021508,0.0021508,0.0021508,0.0021508,0.0021508,0.0021508,0.0021508,0.0021508,0.0021508,0.0021508,0.0021508,0.0021508,0.0021508,0.0021508
0.0021508,0.0021508,0.0021508,0.0021508,0.0021508,0.0021508,0.0021508,0.0021508,0.0021508,0.0021508,0.0021508,0.0021508,0.0021508,0.0021508,0.0021508,0.0021508,0.0021508,0.0021508,0.0021508,0.0021508,0.0021508,0.0021508,0.0021508,0.0021508,0.0021508,0.0021508,0.0021508,0.0021508,0.0021508,0.0021507,0.0021511,0.0021497,0.0021523,0.0021523,0.0021534,0.0021535,0.0021519,0.0021504,0.0021509,0.0021508,0.0021508,0.0021508,0.0021507,0.0021511,0.0021495,0.0021573,0.0021336,0.0021796,0.0021421,0.002022,0.0020191,0.0020066,0.0020947,0.0021512,0.0021832,0.0021966,0.0021456,0.0021524,0.0021504,0.0021509,0.0021507,0.0021508,0.0021508,0.0021508,0.0021508,0.0021508,0.0021508,0.0021508,0.0021508,0.0021508,0.0021508,0.0021508,0.0021508,0.0021508,0.0021508,0.0021508,0.0021508,0.0021508,0.0021508,0.0021508,0.0021508,0.0021508,0.0021508,0.0021508,0.0021508,0.0021508,0.0021508,0.0021508,0.0021508,0.0021508,0.0021508,0.0021508,0.0021508,0.0021508,0.0021508,0.0021508,0.0021508,0.0021508,0.0021508,0.0021508,0.0021508,0.0021508,0.0021508,0.0021508,0.0021508,0.0021508,0.0021508,0.0021508,0.0021508,0.0021508,0.0021508,0.0021508,0.0021508,0.0021508,0.0021508,0.0021508,0.0021508,0.0021508,0.0021508,0.0021508,0.0021508,0.0021508,0.0021508,0.0021508,0.0021508,0.0021508,0.0021508,0.0021508
0.0021508,0.0021508,0.0021508,0.0021508,0.0021508,0.0021508,0.0021508,0.0021508,0.0021508,0.0021508,0.0021508,0.0021508,0.0021508,0.0021508,0.0021508,0.0021508,0.0021508,0.0021508,0.0021508,0.0021508,0.0021508,0.0021508,0.0021508,0.0021508,0.0021508,0.0021508,0.0021508,0.0021508,0.0021507,0.0021511,0.0021496,0.0021548,0.002145,0.002145,0.0021409,0.0021406,0.0021465,0.0021521,0.0021504,0.0021509,0.0021508,0.0021508,0.0021508,0.0021507,0.0021511,0.002149,0.0021554,0.0021431,0.0021531,0.0021853,0.0021861,0.0021894,0.0021658,0.0021507,0.0021421,0.0021385,0.0021522,0.0021503,0.0021509,0.0021507,0.0021508,0.0021508,0.0021508,0.0021508,0.0021508,0.0021508,0.0021508,0.0021508,0.0021508,0.0021508,0.0021508,0.0021508,0.0021508,0.0021508,0.0021508,0.0021508,0.0021508,0.0021508,0.0021508,0.0021508,0.0021508,0.0021508,0.0021508,0.0021508,0.0021508,0.0021508,0.0021508,0.0021508,0.0021508,0.0021508,0.0021508,0.0021508,0.0021508,0.0021508,0.0021508,0.0021508,0.0021508,0.0021508,0.0021508,0.0021508,0.0021508,0.0021508,0.0021508,0.0021508,0.0021508,0.0021508,0.0021508,0.0021508,0.0021508,0.0021508,0.0021508,0.0021508,0.0021508,0.0021508,0.0021508,0.0021508,0.0021508,0.0021508,0.0021508,0.0021508,0.0021508,0.0021508,0.0021508,0.0021508,0.0021508,0.0021508,0.0021508,0.0021508
0.0021508,0.0021508,0.0021508,0.0021508,0.0021508,0.0021508,0.0021508,0.0021508,0.0021508,0.0021508,0.0021508,0.0021508,0.0021508,0.0021508,0.0021508,0.0021508,0.0021508,0.0021508,0.0021508,0.0021508,0.0021508,0.0021508,0.0021508,0.0021508,0.0021508,0.0021508,0.0021508,0.0021507,0.0021511,0.0021496,0.0021553,0.0021359,0.0021725,0.0021724,0.0021878,0.0021886,0.0021667,0.002146,0.0021521,0.0021504,0.0021509,0.0021508,0.0021508,0.0021508,0.0021507,0.0021512,0.0021495,0.0021528,0.0021502,0.0021415,0.0021413,0.0021404,0.0021468,0.0021508,0.0021531,0.0021541,0.0021504,0.0021509,0.0021507,0.0021508,0.0021508,0.0021508,0.0021508,0.0021508,0.0021508,0.0021508,0.0021508,0.0021508,0.0021508,0.0021508,0.0021508,0.0021508,0.0021508,0.0021508,0.0021508,0.0021508,0.0021508,0.0021508,0.0021508,0.0021508,0.0021508,0.0021508,0.0021508,0.0021508,0.0021508,0.0021508,0.0021508,0.0021508,0.0021508,0.0021508,0.0021508,0.0021508,0.0021508,0.0021508,0.0021508,0.0021508,0.0021508,0.0021508,0.0021508,0.0021508,0.0021508,0.0021508,0.0021508,0.0021508,0.0021508,0.0021508,0.0021508,0.0021508,0.0021508,0.0021508,0.0021508,0.0021508,0.0021508,0.0021508,0.0021508,0.0021508,0.0021508,0.0021508,0.0021508,0.0021508,0.0021508,0.0021508,0.0021508,0.0021508,0.0021508,0.0021508,0.0021508,0.0021508
0.0021508,0.0021508,0.0021508,0.0021508,0.0021508,0.0021508,0.0021508,0.0021508,0.0021508,0.0021508,0.0021508,0.0021508,0.0021508,0.0021508,0.0021508,0.0021508,0.0021508,0.0021508,0.0021508,0.0021508,0.0021508,0.0021508,0.0021508,0.0021508,0.0021508,0.0021508,0.0021507,0.0021511,0.0021496,0.0021553,0.002134,0.0022063,0.0020698,0.0020701,0.0020126,0.0020095,0.0020913,0.0021685,0.0021457,0.0021522,0.0021504,0.0021509,0.0021508,0.0021508,0.0021508,0.0021507,0.0021511,0.0021502,0.0021509,0.0021533,0.0021533,0.0021536,0.0021519,0.0021508,0.0021502,0.0021499,0.0021509,0.0021507,0.0021508,0.0021508,0.0021508,0.0021508,0.0021508,0.0021508,0.0021508,0.0021508,0.0021508,0.0021508,0.0021508,0.0021508,0.0021508,0.0021508,0.0021508,0.0021508,0.0021508,0.0021508,0.0021508,0.0021508,0.0021508,0.0021508,0.0021508,0.0021508,0.0021508,0.0021508,0.0021508,0.0021508,0.0021508,0.0021508,0.0021508,0.0021508,0.0021508,0.0021508,0.0021508,0.0021508,0.0021508,0.0021508,0.0021508,0.0021508,0.0021508,0.0021508,0.0021508,0.0021508,0.0021508,0.0021508,0.0021508,0.0021508,0.0021508,0.0021508,0.0021508,0.0021508,0.0021508,0.0021508,0.0021508,0.0021508,0.0021508,0.0021508,0.0021508,0.0021508,0.0021508,0.0021508,0.0021508,0.0021508,0.0021508,0.0021508,0.0021508,0.0021508,0.0021508,0.0021508
0.0021508,0.0021508,0.0021508,0.0021508,0.0021508,0.0021508,0.0021508,0.0021508,0.0021508,0.0021508,0.0021508,0.0021508,0.0021508,0.0021508,0.0021508,0.0021508,0.0021508,0.0021508,0.0021508,0.0021508,0.0021508,0.0021508,0.0021508,0.0021508,0.0021508,0.0021507,0.0021511,0.0021496,0.0021553,0.002134,0.0022134,0.0019437,0.0024531,0.0024519,0.0026666,0.002678,0.0023726,0.0020846,0.0021698,0.0021456,0.0021522,0.0021504,0.0021509,0.0021508,0.0021508,0.0021508,0.0021507,0.0021509,0.0021507,0.0021501,0.0021501,0.00215,0.0021505,0.0021508,0.0021509,0.002151,0.0021507,0.0021508,0.0021508,0.0021508,0.0021508,0.0021508,0.0021508,0.0021508,0.0021508,0.0021508,0.0021508,0.0021508,0.0021508,0.0021508,0.0021508,0.0021508,0.0021508,0.0021508,0.0021508,0.0021508,0.0021508,0.0021508,0.0021508,0.0021508,0.0021508,0.0021508,0.0021508,0.0021508,0.0021508,0.0021508,0.0021508,0.0021508,0.0021508,0.0021508,0.0021508,0.0021508,0.0021508,0.0021508,0.0021508,0.0021508,0.0021508,0.0021508,0.0021508,0.0021508,0.0021508,0.0021508,0.0021508,0.0021508,0.0021508,0.0021508,0.0021508,0.0021508,0.0021508,0.0021508,0.0021508,0.0021508,0.0021508,0.0021508,0.0021508,0.0021508,0.0021508,0.0021508,0.0021508,0.0021508,0.0021508,0.0021508,0.0021508,0.0021508,0.0021508,0.0021508,0.0021508,0.0021508
0.0021508,0.0021508,0.0021508,0.0021508,0.0021508,0.0021508,0.0021508,0.0021508,0.0021508,0.0021508,0.0021508,0.0021508,0.0021508,0.0021508,0.0021508,0.0021508,0.0021508,0.0021508,0.0021508,0.0021508,0.0021508,0.0021508,0.0021508,0.0021508,0.0021507,0.0021511,0.0021496,0.0021553,0.002134,0.0022132,0.0019169,0.0029237,0.0010227,0.001027,0.00022575,0.00018301,0.001323,0.0023979,0.0020797,0.00217,0.0021456,0.0021522,0.0021504,0.0021509,0.0021508,0.0021508,0.0021508,0.0021507,0.0021508,0.002151,0.002151,0.002151,0.0021509,0.0021508,0.0021507,0.0021507,0.0021508,0.0021508,0.0021508,0.0021508,0.0021508,0.0021508,0.0021508,0.0021508,0.0021508,0.0021508,0.0021508,0.0021508,0.0021508,0.0021508,0.0021508,0.0021508,0.0021508,0.0021508,0.0021508,0.0021508,0.0021508,0.0021508,0.0021508,0.0021508,0.0021508,0.0021508,0.0021508,0.0021508,0.0021508,0.0021508,0.0021508,0.0021508,0.0021508,0.0021508,0.0021508,0.0021508,0.0021508,0.0021508,0.0021508,0.0021508,0.0021508,0.0021508,0.0021508,0.0021508,0.0021508,0.0021508,0.0021508,0.0021508,0.0021508,0.0021508,0.0021508,0.0021508,0.0021508,0.0021508,0.0021508,0.0021508,0.0021508,0.0021508,0.0021508,0.0021508,0.0021508,0.0021508,0.0021508,0.0021508,0.0021508,0.0021508,0.0021508,0.0021508,0.0021508,0.0021508,0.0021508,0.0021508
0.0021508,0.0021508,0.0021508,0.0021508,0.0021508,0.0021508,0.0021508,0.0021508,0.0021508,0.0021508,0.0021508,0.0021508,0.0021508,0.0021508,0.0021508,0.0021508,0.0021508,0.0021508,0.0021508,0.0021508,0.0021508,0.0021508,0.0021508,0.0021507,0.0021511,0.0021496,0.0021553,0.002134,0.0022132,0.0019177,0.0030237,0.00073367,0.0063609,0.0063446,0.0093351,0.0094946,0.0052401,0.0012285,0.0024159,0.002079,0.00217,0.0021456,0.0021522,0.0021504,0.0021509,0.0021508,0.0021508,0.0021508,0.0021508,0.0021507,0.0021507,0.0021507,0.0021508,0.0021508,0.0021508,0.0021508,0.0021508,0.0021508,0.0021508,0.0021508,0.0021508,0.0021508,0.0021508,0.0021508,0.0021508,0.0021508,0.0021508,0.0021508,0.0021508,0.0021508,0.0021508,0.0021508,0.0021508,0.0021508,0.0021508,0.0021508,0.0021508,0.0021508,0.0021508,0.0021508,0.0021508,0.0021508,0.0021508,0.0021508,0.0021508,0.0021508,0.0021508,0.0021508,0.0021508,0.0021508,0.0021508,0.0021508,0.0021508,0.0021508,0.0021508,0.0021508,0.0021508,0.0021508,0.0021508,0.0021508,0.0021508,0.0021508,0.0021508,0.0021508,0.0021508,0.0021508,0.0021508,0.0021508,0.0021508,0.0021508,0.0021508,0.0021508,0.0021508,0.0021508,0.0021508,0.0021508,0.0021508,0.0021508,0.0021508,0.0021508,0.0021508,0.0021508,0.0021508,0.0021508,0.0021508,0.0021508,0.0021508,0.0021508
0.0021508,0.0021508,0.0021508,0.0021508,0.0021508,0.0021508,0.0021508,0.0021508,0.0021508,0.0021508,0.0021508,0.0021508,0.0021508,0.0021508,0.0021508,0.0021508,0.0021508,0.0021508,0.0021508,0.0021508,0.0021508,0.0021508,0.0021507,0.0021511,0.0021496,0.0021553,0.002134,0.0022132,0.0019177,0.0030205,0.001107,0.012916,0.013562,0.013501,0.024661,0.025257,0.0093786,0.0055927,0.0011612,0.0024188,0.002079,0.00217,0.0021456,0.0021522,0.0021504,0.0021509,0.0021508,0.0021508,0.0021508,0.0021508,0.0021508,0.0021508,0.0021508,0.0021508,0.0021508,0.0021508,0.0021508,0.0021508,0.0021508,0.0021508,0.0021508,0.0021508,0.0021508,0.0021508,0.0021508,0.0021508,0.0021508,0.0021508,0.0021508,0.0021508,0.0021508,0.0021508,0.0021508,0.0021508,0.0021508,0.0021508,0.0021508,0.0021508,0.0021508,0.0021508,0.0021508,0.0021508,0.0021508,0.0021508,0.0021508,0.0021508,0.0021508,0.0021508,0.0021508,0.0021508,0.0021508,0.0021508,0.0021508,0.0021508,0.0021508,0.0021508,0.0021508,0.0021508,0.0021508,0.0021508,0.0021508,0.0021508,0.0021508,0.0021508,0.0021508,0.0021508,0.0021508,0.0021508,0.0021508,0.0021508,0.0021508,0.0021508,0.0021508,0.0021508,0.0021508,0.0021508,0.0021508,0.0021508,0.0021508,0.0021508,0.0021508,0.0021508,0.0021508,0.0021508,0.0021508,0.0021508,0.0021508,0.0021508
0.0021508,0.0021508,0.0021508,0.0021508,0.0021508,0.0021508,0.0021508,0.0021508,0.0021508,0.0021508,0.0021508,0.0021508,0.0021508,0.0021508,0.0021508,0.0021508,0.0021508,0.0021508,0.0021508,0.0021508,0.0021508,0.0021507,0.0021511,0.0021497,0.0021548,0.0021358,0.0022068,0.0019418,0.0029308,0.00076024,0.013059,0.033359,0.04338,0.19337,0.14588,0.10499,0.045113,0.010677,0.0058392,0.0011519,0.0024184,0.0020791,0.00217,0.0021456,0.0021522,0.0021504,0.0021509,0.0021508,0.0021508,0.0021508,0.0021508,0.0021508,0.0021508,0.0021508,0.0021508,0.0021508,0.0021508,0.0021508,0.0021508,0.0021508,0.0021508,0.0021508,0.0021508,0.0021508,0.0021508,0.0021508,0.0021508,0.0021508,0.0021508,0.0021508,0.0021508,0.0021508,0.0021508,0.0021508,0.0021508,0.0021508,0.0021508,0.0021508,0.0021508,0.0021508,0.0021508,0.0021508,0.0021508,0.0021508,0.0021508,0.0021508,0.0021508,0.0021508,0.0021508,0.0021508,0.0021508,0.0021508,0.0021508,0.0021508,0.0021508,0.0021508,0.0021508,0.0021508,0.0021508,0.0021508,0.0021508,0.0021508,0.0021508,0.0021508,0.0021508,0.0021508,0.0021508,0.0021508,0.0021508,0.0021508,0.0021508,0.0021508,0.0021508,0.0021508,0.0021508,0.0021508,0.0021508,0.0021508,0.0021508,0.0021508,0.0021508,0.0021508,0.0021508,0.0021508,0.0021508,0.0021508,0.0021508,0.0021508
0.0021508,0.0021508,0.0021508,0.0021508,0.0021508,0.0021508,0.0021508,0.0021508,0.0021508,0.0021508,0.0021508,0.0021508,0.0021508,0.0021508,0.0021508,0.0021508,0.0021508,0.0021508,0.0021508,0.0021508,0.0021507,0.002151,0.00215,0.0021538,0.0021397,0.0021923,0.0019959,0.0027288,6.4635e-06,0.010202,0.02806,0.095502,0.1989,0.1449,0.16379,0.16391,0.21668,0.059139,0.014057,0.0065332,0.0009765,0.0024654,0.0020665,0.0021734,0.0021447,0.0021524,0.0021503,0.0021509,0.0021507,0.0021508,0.0021508,0.0021508,0.0021508,0.0021508,0.0021508,0.0021508,0.0021508,0.0021508,0.0021508,0.0021508,0.0021508,0.0021508,0.0021508,0.0021508,0.0021508,0.0021508,0.0021508,0.0021508,0.0021508,0.0021508,0.0021508,0.0021508,0.0021508,0.0021508,0.0021508,0.0021508,0.0021508,0.0021508,0.0021508,0.0021508,0.0021508,0.0021508,0.0021508,0.0021508,0.0021508,0.0021508,0.0021508,0.0021508,0.0021508,0.0021508,0.0021508,0.0021508,0.0021508,0.0021508,0.0021508,0.0021508,0.0021508,0.0021508,0.0021508,0.0021508,0.0021508,0.0021508,0.0021508,0.0021508,0.0021508,0.0021508,0.0021508,0.0021508,0.0021508,0.0021508,0.0021508,0.0021508,0.0021508,0.0021508,0.0021508,0.0021508,0.0021508,0.0021508,0.0021508,0.0021508,0.0021508,0.0021508,0.0021508,0.0021508,0.0021508,0.0021508,0.0021508,0.0021508
0.0021508,0.0021508,0.0021508,0.0021508,0.0021508,0.0021508,0.0021508,0.0021508,0.0021508,0.0021508,0.0021508,0.0021508,0.0021508,0.0021508,0.0021508,0.0021508,0.0021508,0.0021508,0.0021508,0.0021507,0.0021509,0.0021501,0.0021532,0.0021418,0.0021843,0.0020258,0.0026172,0.00040992,0.0086477,0.022096,0.093426,0.19741,0.14072,0.16275,0.15587,0.15559,0.14452,0.17502,0.032053,0.011168,0.00026531,0.0027982,0.0019773,0.0021973,0.0021383,0.0021541,0.0021499,0.002151,0.0021507,0.0021508,0.0021508,0.0021508,0.0021508,0.0021508,0.0021508,0.0021508,0.0021508,0.0021508,0.0021508,0.0021508,0.0021508,0.0021508,0.0021508,0.0021508,0.0021508,0.0021508,0.0021508,0.0021508,0.0021508,0.0021508,0.0021508,0.0021508,0.0021508,0.0021508,0.0021508,0.0021508,0.0021508,0.0021508,0.0021508,0.0021508,0.0021508,0.0021508,0.0021508,0.0021508,0.0021508,0.0021508,0.0021508,0.0021508,0.0021508,0.0021508,0.0021508,0.0021508,0.0021508,0.0021508,0.0021508,0.0021508,0.0021508,0.0021508,0.0021508,0.0021508,0.0021508,0.0021508,0.0021508,0.0021508,0.0021508,0.0021508,0.0021508,0.0021508,0.0021508,0.0021508,0.0021508,0.0021508,0.0021508,0.0021508,0.0021508,0.0021508,0.0021508,0.0021508,0.0021508,0.0021508,0.0021508,0.0021508,0.0021508,0.0021508,0.0021508,0.0021508,0.0021508,0.0021508
0.0021508,0.0021508,0.0021508,0.0021508,0.0021508,0.0021508,0.0021508,0.0021508,0.0021508,0.0021508,0.0021508,0.0021508,0.0021508,0.0021508,0.0021508,0.0021508,0.0021508,0.0021508,0.0021508,0.0021507,0.0021509,0.0021501,0.0021531,0.002142,0.0021837,0.0020279,0.0026094,0.000439,0.0085392,0.021691,0.092075,0.17028,0.15569,0.15848,0.15733,0.16051,0.15319,0.18178,0.07052,0.015617,0.0069116,0.00087513,0.0024926,0.0020592,0.0021753,0.0021442,0.0021525,0.0021503,0.0021509,0.0021507,0.0021508,0.0021508,0.0021508,0.0021508,0.0021508,0.0021508,0.0021508,0.0021508,0.0021508,0.0021508,0.0021508,0.0021508,0.0021508,0.0021508,0.0021508,0.0021508,0.0021508,0.0021508,0.0021508,0.0021508,0.0021508,0.0021508,0.0021508,0.0021508,0.0021508,0.0021508,0.0021508,0.0021508,0.0021508,0.0021508,0.0021508,0.0021508,0.0021508,0.0021508,0.0021508,0.0021508,0.0021508,0.0021508,0.0021508,0.0021508,0.0021508,0.0021508,0.0021508,0.0021508,0.0021508,0.0021508,0.0021508,0.0021508,0.0021508,0.0021508,0.0021508,0.0021508,0.0021508,0.0021508,0.0021508,0.0021508,0.0021508,0.0021508,0.0021508,0.0021508,0.0021508,0.0021508,0.0021508,0.0021508,0.0021508,0.0021508,0.0021508,0.0021508,0.0021508,0.0021508,0.0021508,0.0021508,0.0021508,0.0021508,0.0021508,0.0021508,0.0021508,0.0021508
0.0021508,0.0021508,0.0021508,0.0021508,0.0021508,0.0021508,0.0021508,0.0021508,0.0021508,0.0021508,0.0021508,0.0021508,0.0021508,0.0021508,0.0021508,0.0021508,0.0021508,0.0021508,0.0021508,0.0021507,0.0021509,0.0021502,0.002153,0.0021424,0.002182,0.0020343,0.0025853,0.000529,0.0082033,0.020438,0.087337,0.17464,0.15441,0.15826,0.15686,0.15891,0.15416,0.17514,0.099215,0.022721,0.008815,0.00036509,0.0026292,0.0020226,0.0021851,0.0021416,0.0021532,0.0021501,0.002151,0.0021507,0.0021508,0.0021508,0.0021508,0.0021508,0.0021508,0.0021508,0.0021508,0.0021508,0.0021508,0.0021508,0.0021508,0.0021508,0.0021508,0.0021508,0.0021508,0.0021508,0.0021508,0.0021508,0.0021508,0.0021508,0.0021508,0.0021508,0.0021508,0.0021508,0.0021508,0.0021508,0.0021508,0.0021508,0.0021508,0.0021508,0.0021508,0.0021508,0.0021508,0.0021508,0.0021508,0.0021508,0.0021508,0.0021508,0.0021508,0.0021508,0.0021508,0.0021508,0.0021508,0.0021508,0.0021508,0.0021508,0.0021508,0.0021508,0.0021508,0.0021508,0.0021508,0.0021508,0.0021508,0.0021508,0.0021508,0.0021508,0.0021508,0.0021508,0.0021508,0.0021508,0.0021508,0.0021508,0.0021508,0.0021508,0.0021508,0.0021508,0.0021508,0.0021508,0.0021508,0.0021508,0.0021508,0.0021508,0.0021508,0.0021508,0.0021508,0.0021508,0.0021508,0.0021508
0.0021508,0.0021508,0.0021508,0.0021508,0.0021508,0.0021508,0.0021508,0.0021508,0.0021508,0.0021508,0.0021508,0.0021508,0.0021508,0.0021508,0.0021508,0.0021508,0.0021508,0.0021508,0.0021508,0.0021507,0.002151,0.00215,0.0021536,0.0021404,0.0021895,0.0020064,0.0026896,0.00013988,0.0096556,0.025857,0.10764,0.18432,0.14456,0.16337,0.15748,0.15969,0.14427,0.1851,0.024383,0.0089558,0.00032739,0.0026394,0.0020199,0.0021859,0.0021414,0.0021533,0.0021501,0.002151,0.0021507,0.0021508,0.0021508,0.0021508,0.0021508,0.0021508,0.0021508,0.0021508,0.0021508,0.0021508,0.0021508,0.0021508,0.0021508,0.0021508,0.0021508,0.0021508,0.0021508,0.0021508,0.0021508,0.0021508,0.0021508,0.0021508,0.0021508,0.0021508,0.0021508,0.0021508,0.0021508,0.0021508,0.0021508,0.0021508,0.0021508,0.0021508,0.0021508,0.0021508,0.0021508,0.0021508,0.0021508,0.0021508,0.0021508,0.0021508,0.0021508,0.0021508,0.0021508,0.0021508,0.0021508,0.0021508,0.0021508,0.0021508,0.0021508,0.0021508,0.0021508,0.0021508,0.0021508,0.0021508,0.0021508,0.0021508,0.0021508,0.0021508,0.0021508,0.0021508,0.0021508,0.0021508,0.0021508,0.0021508,0.0021508,0.0021508,0.0021508,0.0021508,0.0021508,0.0021508,0.0021508,0.0021508,0.0021508,0.0021508,0.0021508,0.0021508,0.0021508,0.0021508,0.0021508,0.0021508
0.0021508,0.0021508,0.0021508,0.0021508,0.0021508,0.0021508,0.0021508,0.0021508,0.0021508,0.0021508,0.0021508,0.0021508,0.0021508,0.0021508,0.0021508,0.0021508,0.0021508,0.0021508,0.0021508,0.0021508,0.0021507,0.0021509,0.0021502,0.0021528,0.0021433,0.0021785,0.0020471,0.0025376,0.00070713,0.0075385,0.018066,0.14682,0.18382,0.14323,0.15659,0.15364,0.19991,0.088266,0.021693,0.0086214,0.00041699,0.0026153,0.0020263,0.0021841,0.0021418,0.0021532,0.0021501,0.0021509,0.0021507,0.0021508,0.0021508,0.0021508,0.0021508,0.0021508,0.0021508,0.0021508,0.0021508,0.0021508,0.0021508,0.0021508,0.0021508,0.0021508,0.0021508,0.0021508,0.0021508,0.0021508,0.0021508,0.0021508,0.0021508,0.0021508,0.0021508,0.0021508,0.0021508,0.0021508,0.0021508,0.0021508,0.0021508,0.0021508,0.0021508,0.0021508,0.0021508,0.0021508,0.0021508,0.0021508,0.0021508,0.0021508,0.0021508,0.0021508,0.0021508,0.0021508,0.0021508,0.0021508,0.0021508,0.0021508,0.0021508,0.0021508,0.0021508,0.0021508,0.0021508,0.0021508,0.0021508,0.0021508,0.0021508,0.0021508,0.0021508,0.0021508,0.0021508,0.0021508,0.0021508,0.0021508,0.0021508,0.0021508,0.0021508,0.0021508,0.0021508,0.0021508,0.0021508,0.0021508,0.0021508,0.0021508,0.0021508,0.0021508,0.0021508,0.0021508,0.0021508,0.0021508,0.0021508,0.0021508
0.0021508,0.0021508,0.0021508,0.0021508,0.0021508,0.0021508,0.0021508,0.0021508,0.0021508,0.0021508,0.0021508,0.0021508,0.0021508,0.0021508,0.0021508,0.0021508,0.0021508,0.0021508,0.0021508,0.0021508,0.0021508,0.0021507,0.002151,0.0021501,0.0021533,0.0021413,0.002186,0.0020192,0.0026417,0.00031861,0.0090179,0.041512,0.096802,0.20047,0.17218,0.14456,0.10448,0.011349,0.0059742,0.0011044,0.0024311,0.0020757,0.0021709,0.0021454,0.0021522,0.0021504,0.0021509,0.0021507,0.0021508,0.0021508,0.0021508,0.0021508,0.0021508,0.0021508,0.0021508,0.0021508,0.0021508,0.0021508,0.0021508,0.0021508,0.0021508,0.0021508,0.0021508,0.0021508,0.0021508,0.0021508,0.0021508,0.0021508,0.0021508,0.0021508,0.0021508,0.0021508,0.0021508,0.0021508,0.0021508,0.0021508,0.0021508,0.0021508,0.0021508,0.0021508,0.0021508,0.0021508,0.0021508,0.0021508,0.0021508,0.0021508,0.0021508,0.0021508,0.0021508,0.0021508,0.0021508,0.0021508,0.0021508,0.0021508,0.0021508,0.0021508,0.0021508,0.0021508,0.0021508,0.0021508,0.0021508,0.0021508,0.0021508,0.0021508,0.0021508,0.0021508,0.0021508,0.0021508,0.0021508,0.0021508,0.0021508,0.0021508,0.0021508,0.0021508,0.0021508,0.0021508,0.0021508,0.0021508,0.0021508,0.0021508,0.0021508,0.0021508,0.0021508,0.0021508,0.0021508,0.0021508,0.0021508,0.0021508
0.0021508,0.0021508,0.0021508,0.0021508,0.0021508,0.0021508,0.0021508,0.0021508,0.0021508,0.0021508,0.0021508,0.0021508,0.0021508,0.0021508,0.0021508,0.0021508,0.0021508,0.0021508,0.0021508,0.0021508,0.0021508,0.0021508,0.0021507,0.002151,0.00215,0.0021538,0.0021397,0.0021923,0.001996,0.0027285,1.3128e-05,0.015059,0.02772,0.018831,0.011212,0.026479,0.0255,0.0058358,0.0011081,0.002436,0.0020743,0.0021713,0.0021453,0.0021522,0.0021504,0.0021509,0.0021507,0.0021508,0.0021508,0.0021508,0.0021508,0.0021508,0.0021508,0.0021508,0.0021508,0.0021508,0.0021508,0.0021508,0.0021508,0.0021508,0.0021508,0.0021508,0.0021508,0.0021508,0.0021508,0.0021508,0.0021508,0.0021508,0.0021508,0.0021508,0.0021508,0.0021508,0.0021508,0.0021508,0.0021508,0.0021508,0.0021508,0.0021508,0.0021508,0.0021508,0.0021508,0.0021508,0.0021508,0.0021508,0.0021508,0.0021508,0.0021508,0.0021508,0.0021508,0.0021508,0.0021508,0.0021508,0.0021508,0.0021508,0.0021508,0.0021508,0.0021508,0.0021508,0.0021508,0.0021508,0.0021508,0.0021508,0.0021508,0.0021508,0.0021508,0.0021508,0.0021508,0.0021508,0.0021508,0.0021508,0.0021508,0.0021508,0.0021508,0.0021508,0.0021508,0.0021508,0.0021508,0.0021508,0.0021508,0.0021508,0.0021508,0.0021508,0.0021508,0.0021508,0.0021508,0.0021508,0.0021508,0.0021508
0.0021508,0.0021508,0.0021508,0.0021508,0.0021508,0.0021508,0.0021508,0.0021508,0.0021508,0.0021508,0.0021508,0.0021508,0.0021508,0.0021508,0.0021508,0.0021508,0.0021508,0.0021508,0.0021508,0.0021508,0.0021508,0.0021508,0.0021508,0.0021507,0.002151,0.00215,0.0021538,0.0021397,0.0021923,0.001996,0.0027306,0.0013079,0.010155,0.0023187,0.0057314,0.0098221,0.0095598,0.0011634,0.0024302,0.0020743,0.0021713,0.0021453,0.0021522,0.0021504,0.0021509,0.0021507,0.0021508,0.0021508,0.0021508,0.0021508,0.0021508,0.0021508,0.0021508,0.0021508,0.0021508,0.0021508,0.0021508,0.0021508,0.0021508,0.0021508,0.0021508,0.0021508,0.0021508,0.0021508,0.0021508,0.0021508,0.0021508,0.0021508,0.0021508,0.0021508,0.0021508,0.0021508,0.0021508,0.0021508,0.0021508,0.0021508,0.0021508,0.0021508,0.0021508,0.0021508,0.0021508,0.0021508,0.0021508,0.0021508,0.0021508,0.0021508,0.0021508,0.0021508,0.0021508,0.0021508,0.0021508,0.0021508,0.0021508,0.0021508,0.0021508,0.0021508,0.0021508,0.0021508,0.0021508,0.0021508,0.0021508,0.0021508,0.0021508,0.0021508,0.0021508,0.0021508,0.0021508,0.0021508,0.0021508,0.0021508,0.0021508,0.0021508,0.0021508,0.0021508,0.0021508,0.0021508,0.0021508,0.0021508,0.0021508,0.0021508,0.0021508,0.0021508,0.0021508,0.0021508,0.0021508,0.0021508,0.0021508,0.0021508
0.0021508,0.0021508,0.0021508,0.0021508,0.0021508,0.0021508,0.0021508,0.0021508,0.0021508,0.0021508,0.0021508,0.0021508,0.0021508,0.0021508,0.0021508,0.0021508,0.0021508,0.0021508,0.0021508,0.0021508,0.0021508,0.0021508,0.0021508,0.0021508,0.0021507,0.002151,0.00215,0.0021538,0.0021397,0.0021923,0.0019954,0.0030775,6.1198e-06,0.0033484,0.0011913,9.5251e-05,0.00016553,0.0024154,0.0020759,0.0021713,0.0021453,0.0021522,0.0021504,0.0021509,0.0021507,0.0021508,0.0021508,0.0021508,0.0021508,0.0021508,0.0021508,0.0021508,0.0021508,0.0021508,0.0021508,0.0021508,0.0021508,0.0021508,0.0021508,0.0021508,0.0021508,0.0021508,0.0021508,0.0021508,0.0021508,0.0021508,0.0021508,0.0021508,0.0021508,0.0021508,0.0021508,0.0021508,0.0021508,0.0021508,0.0021508,0.0021508,0.0021508,0.0021508,0.0021508,0.0021508,0.0021508,0.0021508,0.0021508,0.0021508,0.0021508,0.0021508,0.0021508,0.0021508,0.0021508,0.0021508,0.0021508,0.0021508,0.0021508,0.0021508,0.0021508,0.0021508,0.0021508,0.0021508,0.0021508,0.0021508,0.0021508,0.0021508,0.0021508,0.0021508,0.0021508,0.0021508,0.0021508,0.0021508,0.0021508,0.0021508,0.0021508,0.0021508,0.0021508,0.0021508,0.0021508,0.0021508,0.0021508,0.0021508,0.0021508,0.0021508,0.0021508,0.0021508,0.0021508,0.0021508,0.0021508,0.0021508,0.0021508,0.0021508
0.0021508,0.0021508,0.0021508,0.0021508,0.0021508,0.0021508,0.0021508,0.0021508,0.0021508,0.0021508,0.0021508,0.0021508,0.0021508,0.0021508,0.0021508,0.0021508,0.0021508,0.0021508,0.0021508,0.0021508,0.0021508,0.0021508,0.0021508,0.0021508,0.0021508,0.0021507,0.002151,0.00215,0.0021538,0.0021397,0.0021924,0.0019025,0.0027254,0.0018299,0.0024079,0.0027016,0.0026827,0.0020799,0.0021708,0.0021453,0.0021522,0.0021504,0.0021509,0.0021507,0.0021508,0.0021508,0.0021508,0.0021508,0.0021508,0.0021508,0.0021508,0.0021508,0.0021508,0.0021508,0.0021508,0.0021508,0.0021508,0.0021508,0.0021508,0.0021508,0.0021508,0.0021508,0.0021508,0.0021508,0.0021508,0.0021508,0.0021508,0.0021508,0.0021508,0.0021508,0.0021508,0.0021508,0.0021508,0.0021508,0.0021508,0.0021508,0.0021508,0.0021508,0.0021508,0.0021508,0.0021508,0.0021508,0.0021508,0.0021508,0.0021508,0.0021508,0.0021508,0.0021508,0.0021508,0.0021508,0.0021508,0.0021508,0.0021508,0.0021508,0.0021508,0.0021508,0.0021508,0.0021508,0.0021508,0.0021508,0.0021508,0.0021508,0.0021508,0.0021508,0.0021508,0.0021508,0.0021508,0.0021508,0.0021508,0.0021508,0.0021508,0.0021508,0.0021508,0.0021508,0.0021508,0.0021508,0.0021508,0.0021508,0.0021508,0.0021508,0.0021508,0.0021508,0.0021508,0.0021508,0.0021508,0.0021508,0.0021508,0.0021508
0.0021508,0.0021508,0.0021508,0.0021508,0.0021508,0.0021508,0.0021508,0.0021508,0.0021508,0.0021508,0.0021508,0.0021508,0.0021508,0.0021508,0.0021508,0.0021508,0.0021508,0.0021508,0.0021508,0.0021508,0.0021508,0.0021508,0.0021508,0.0021508,0.0021508,0.0021508,0.0021507,0.002151,0.00215,0.0021538,0.0021396,0.0022173,0.0019968,0.0022368,0.0020819,0.0020032,0.0020082,0.0021698,0.0021454,0.0021522,0.0021504,0.0021509,0.0021507,0.0021508,0.0021508,0.0021508,0.0021508,0.0021508,0.0021508,0.0021508,0.0021508,0.0021508,0.0021508,0.0021508,0.0021508,0.0021508,0.0021508,0.0021508,0.0021508,0.0021508,0.0021508,0.0021508,0.0021508,0.0021508,0.0021508,0.0021508,0.0021508,0.0021508,0.0021508,0.0021508,0.0021508,0.0021508,0.0021508,0.0021508,0.0021508,0.0021508,0.0021508,0.0021508,0.0021508,0.0021508,0.0021508,0.0021508,0.0021508,0.0021508,0.0021508,0.0021508,0.0021508,0.0021508,0.0021508,0.0021508,0.0021508,0.0021508,0.0021508,0.0021508,0.0021508,0.0021508,0.0021508,0.0021508,0.0021508,0.0021508,0.0021508,0.0021508,0.0021508,0.0021508,0.0021508,0.0021508,0.0021508,0.0021508,0.0021508,0.0021508,0.0021508,0.0021508,0.0021508,0.0021508,0.0021508,0.0021508,0.0021508,0.0021508,0.0021508,0.0021508,0.0021508,0.0021508,0.0021508,0.0021508,0.0021508,0.0021508,0.0021508,0.0021508
0.0021508,0.0021508,0.0021508,0.0021508,0.0021508,0.0021508,0.0021508,0.0021508,0.0021508,0.0021508,0.0021508,0.0021508,0.0021508,0.0021508,0.0021508,0.0021508,0.0021508,0.0021508,0.0021508,0.0021508,0.0021508,0.0021508,0.0021508,0.0021508,0.0021508,0.0021508,0.0021508,0.0021507,0.002151,0.00215,0.0021538,0.0021329,0.002192,0.0021277,0.0021692,0.0021903,0.002189,0.0021457,0.0021522,0.0021504,0.0021509,0.0021507,0.0021508,0.0021508,0.0021508,0.0021508,0.0021508,0.0021508,0.0021508,0.0021508,0.0021508,0.0021508,0.0021508,0.0021508,0.0021508,0.0021508,0.0021508,0.0021508,0.0021508,0.0021508,0.0021508,0.0021508,0.0021508,0.0021508,0.0021508,0.0021508,0.0021508,0.0021508,0.0021508,0.0021508,0.0021508,0.0021508,0.0021508,0.0021508,0.0021508,0.0021508,0.0021508,0.0021508,0.0021508,0.0021508,0.0021508,0.0021508,0.0021508,0.0021508,0.0021508,0.0021508,0.0021508,0.0021508,0.0021508,0.0021508,0.0021508,0.0021508,0.0021508,0.0021508,0.0021508,0.0021508,0.0021508,0.0021508,0.0021508,0.0021508,0.0021508,0.0021508,0.0021508,0.0021508,0.0021508,0.0021508,0.0021508,0.0021508,0.0021508,0.0021508,0.0021508,0.0021508,0.0021508,0.0021508,0.0021508,0.0021508,0.0021508,0.0021508,0.0021508,0.0021508,0.0021508,0.0021508,0.0021508,0.0021508,0.0021508,0.0021508,0.0021508,0.0021508
0.0021508,0.0021508,0.0021508,0.0021508,0.0021508,0.0021508,0.0021508,0.0021508,0.0021508,0.0021508,0.0021508,0.0021508,0.0021508,0.0021508,0.0021508,0.0021508,0.0021508,0.0021508,0.0021508,0.0021508,0.0021508,0.0021508,0.0021508,0.0021508,0.0021508,0.0021508,0.0021508,0.0021508,0.0021507,0.002151,0.00215,0.0021556,0.0021397,0.002157,0.0021458,0.0021402,0.0021405,0.0021521,0.0021504,0.0021509,0.0021507,0.0021508,0.0021508,0.0021508,0.0021508,0.0021508,0.0021508,0.0021508,0.0021508,0.0021508,0.0021508,0.0021508,0.0021508,0.0021508,0.0021508,0.0021508,0.0021508,0.0021508,0.0021508,0.0021508,0.0021508,0.0021508,0.0021508,0.0021508,0.0021508,0.0021508,0.0021508,0.0021508,0.0021508,0.0021508,0.0021508,0.0021508,0.0021508,0.0021508,0.0021508,0.0021508,0.0021508,0.0021508,0.0021508,0.0021508,0.0021508,0.0021508,0.0021508,0.0021508,0.0021508,0.0021508,0.0021508,0.0021508,0.0021508,0.0021508,0.0021508,0.0021508,0.0021508,0.0021508,0.0021508,0.0021508,0.0021508,0.0021508,0.0021508,0.0021508,0.0021508,0.0021508,0.0021508,0.0021508,0.0021508,0.0021508,0.0021508,0.0021508,0.0021508,0.0021508,0.0021508,0.0021508,0.0021508,0.0021508,0.0021508,0.0021508,0.0021508,0.0021508,0.0021508,0.0021508,0.0021508,0.0021508,0.0021508,0.0021508,0.0021508,0.0021508,0.0021508,0.0021508
0.0021508,0.0021508,0.0021508,0.0021508,0.0021508,0.0021508,0.0021508,0.0021508,0.0021508,0.0021508,0.0021508,0.0021508,0.0021508,0.0021508,0.0021508,0.0021508,0.0021508,0.0021508,0.0021508,0.0021508,0.0021508,0.0021508,0.0021508,0.0021508,0.0021508,0.0021508,0.0021508,0.0021508,0.0021508,0.0021507,0.002151,0.0021495,0.0021537,0.0021491,0.0021521,0.0021536,0.0021535,0.0021504,0.0021509,0.0021507,0.0021508,0.0021508,0.0021508,0.0021508,0.0021508,0.0021508,0.0021508,0.0021508,0.0021508,0.0021508,0.0021508,0.0021508,0.0021508,0.0021508,0.0021508,0.0021508,0.0021508,0.0021508,0.0021508,0.0021508,0.0021508,0.0021508,0.0021508,0.0021508,0.0021508,0.0021508,0.0021508,0.0021508,0.0021508,0.0021508,0.0021508,0.0021508,0.0021508,0.0021508,0.0021508,0.0021508,0.0021508,0.0021508,0.0021508,0.0021508,0.0021508,0.0021508,0.0021508,0.0021508,0.0021508,0.0021508,0.0021508,0.0021508,0.0021508,0.0021508,0.0021508,0.0021508,0.0021508,0.0021508,0.0021508,0.0021508,0.0021508,0.0021508,0.0021508,0.0021508,0.0021508,0.0021508,0.0021508,0.0021508,0.0021508,0.0021508,0.0021508,0.0021508,0.0021508,0.0021508,0.0021508,0.0021508,0.0021508,0.0021508,0.0021508,0.0021508,0.0021508,0.0021508,0.0021508,0.0021508,0.0021508,0.0021508,0.0021508,0.0021508,0.0021508,0.0021508,0.0021508,0.0021508
0.0021508,0.0021508,0.0021508,0.0021508,0.0021508,0.0021508,0.0021508,0.0021508,0.0021508,0.0021508,0.0021508,0.0021508,0.0021508,0.0021508,0.0021508,0.0021508,0.0021508,0.0021508,0.0021508,0.0021508,0.0021508,0.0021508,0.0021508,0.0021508,0.0021508,0.0021508,0.0021508,0.0021508,0.0021508,0.0021508,0.0021507,0.0021511,0.00215,0.0021512,0.0021504,0.00215,0.00215,0.0021509,0.0021507,0.0021508,0.0021508,0.0021508,0.0021508,0.0021508,0.0021508,0.0021508,0.0021508,0.0021508,0.0021508,0.0021508,0.0021508,0.0021508,0.0021508,0.0021508,0.0021508,0.0021508,0.0021508,0.0021508,0.0021508,0.0021508,0.0021508,0.0021508,0.0021508,0.0021508,0.0021508,0.0021508,0.0021508,0.0021508,0.0021508,0.0021508,0.0021508,0.0021508,0.0021508,0.0021508,0.0021508,0.0021508,0.0021508,0.0021508,0.0021508,0.0021508,0.0021508,0.0021508,0.0021508,0.0021508,0.0021508,0.0021508,0.0021508,0.0021508,0.0021508,0.0021508,0.0021508,0.0021508,0.0021508,0.0021508,0.0021508,0.0021508,0.0021508,0.0021508,0.0021508,0.0021508,0.0021508,0.0021508,0.0021508,0.0021508,0.0021508,0.0021508,0.0021508,0.0021508,0.0021508,0.0021508,0.0021508,0.0021508,0.0021508,0.0021508,0.0021508,0.0021508,0.0021508,0.0021508,0.0021508,0.0021508,0.0021508,0.0021508,0.0021508,0.0021508,0.0021508,0.0021508,0.0021508,0.0021508
0.0021508,0.0021508,0.0021508,0.0021508,0.0021508,0.0021508,0.0021508,0.0021508,0.0021508,0.0021508,0.0021508,0.0021508,0.0021508,0.0021508,0.0021508,0.0021508,0.0021508,0.0021508,0.0021508,0.0021508,0.0021508,0.0021508,0.0021508,0.0021508,0.0021508,0.0021508,0.0021508,0.0021508,0.0021508,0.0021508,0.0021508,0.0021507,0.002151,0.0021507,0.0021509,0.002151,0.002151,0.0021508,0.0021508,0.0021508,0.0021508,0.0021508,0.0021508,0.0021508,0.0021508,0.0021508,0.0021508,0.0021508,0.0021508,0.0021508,0.0021508,0.0021508,0.0021508,0.0021508,0.0021508,0.0021508,0.0021508,0.0021508,0.0021508,0.0021508,0.0021508,0.0021508,0.0021508,0.0021508,0.0021508,0.0021508,0.0021508,0.0021508,0.0021508,0.0021508,0.0021508,0.0021508,0.0021508,0.0021508,0.0021508,0.0021508,0.0021508,0.0021508,0.0021508,0.0021508,0.0021508,0.0021508,0.0021508,0.0021508,0.0021508,0.0021508,0.0021508,0.0021508,0.0021508,0.0021508,0.0021508,0.0021508,0.0021508,0.0021508,0.0021508,0.0021508,0.0021508,0.0021508,0.0021508,0.0021508,0.0021508,0.0021508,0.0021508,0.0021508,0.0021508,0.0021508,0.0021508,0.0021508,0.0021508,0.0021508,0.0021508,0.0021508,0.0021508,0.0021508,0.0021508,0.0021508,0.0021508,0.0021508,0.0021508,0.0021508,0.0021508,0.0021508,0.0021508,0.0021508,0.0021508,0.0021508,0.0021508,0.0021508
0.0021508,0.0021508,0.0021508,0.0021508,0.0021508,0.0021508,0.0021508,0.0021508,0.0021508,0.0021508,0.0021508,0.0021508,0.0021508,0.0021508,0.0021508,0.0021508,0.0021508,0.0021508,0.0021508,0.0021508,0.0021508,0.0021508,0.0021508,0.0021508,0.0021508,0.0021508,0.0021508,0.0021508,0.0021508,0.0021508,0.0021508,0.0021508,0.0021507,0.0021508,0.0021508,0.0021507,0.0021507,0.0021508,0.0021508,0.0021508,0.0021508,0.0021508,0.0021508,0.0021508,0.0021508,0.0021508,0.0021508,0.0021508,0.0021508,0.0021508,0.0021508,0.0021508,0.0021508,0.0021508,0.0021508,0.0021508,0.0021508,0.0021508,0.0021508,0.0021508,0.0021508,0.0021508,0.0021508,0.0021508,0.0021508,0.0021508,0.0021508,0.0021508,0.0021508,0.0021508,0.0021508,0.0021508,0.0021508,0.0021508,0.0021508,0.0021508,0.0021508,0.0021508,0.0021508,0.0021508,0.0021508,0.0021508,0.0021508,0.0021508,0.0021508,0.0021508,0.0021508,0.0021508,0.0021508,0.0021508,0.0021508,0.0021508,0.0021508,0.0021508,0.0021508,0.0021508,0.0021508,0.0021508,0.0021508,0.0021508,0.0021508,0.0021508,0.0021508,0.0021508,0.0021508,0.0021508,0.0021508,0.0021508,0.0021508,0.0021508,0.0021508,0.0021508,0.0021508,0.0021508,0.0021508,0.0021508,0.0021508,0.0021508,0.0021508,0.0021508,0.0021508,0.0021508,0.0021508,0.0021508,0.0021508,0.0021508,0.0021508,0.0021508
0.0021508,0.0021508,0.0021508,0.0021508,0.0021508,0.0021508,0.0021508,0.0021508,0.0021508,0.0021508,0.0021508,0.0021508,0.0021508,0.0021508,0.0021508,0.0021508,0.0021508,0.0021508,0.0021508,0.0021508,0.0021508,0.0021508,0.0021508,0.0021508,0.0021508,0.0021508,0.0021508,0.0021508,0.0021508,0.0021508,0.0021508,0.0021508,0.0021508,0.0021508,0.0021508,0.0021508,0.0021508,0.0021508,0.0021508,0.0021508,0.0021508,0.0021508,0.0021508,0.0021508,0.0021508,0.0021508,0.0021508,0.0021508,0.0021508,0.0021508,0.0021508,0.0021508,0.0021508,0.0021508,0.0021508,0.0021508,0.0021508,0.0021508,0.0021508,0.0021508,0.0021508,0.0021508,0.0021508,0.0021508,0.0021508,0.0021508,0.0021508,0.0021508,0.0021508,0.0021508,0.0021508,0.0021508,0.0021508,0.0021508,0.0021508,0.0021508,0.0021508,0.0021508,0.0021508,0.0021508,0.0021508,0.0021508,0.0021508,0.0021508,0.0021508,0.0021508,0.0021508,0.0021508,0.0021508,0.0021508,0.0021508,0.0021508,0.0021508,0.0021508,0.0021508,0.0021508,0.0021508,0.0021508,0.0021508,0.0021508,0.0021508,0.0021508,0.0021508,0.0021508,0.0021508,0.0021508,0.0021508,0.0021508,0.0021508,0.0021508,0.0021508,0.0021508,0.0021508,0.0021508,0.0021508,0.0021508,0.0021508,0.0021508,0.0021508,0.0021508,0.0021508,0.0021508,0.0021508,0.0021508,0.0021508,0.0021508,0.0021508,0.0021508
0.0021508,0.0021508,0.0021508,0.0021508,0.0021508,0.0021508,0.0021508,0.0021508,0.0021508,0.0021508,0.0021508,0.0021508,0.0021508,0.0021508,0.0021508,0.0021508,0.0021508,0.0021508,0.0021508,0.0021508,0.0021508,0.0021508,0.0021508,0.0021508,0.0021508,0.0021508,0.0021508,0.0021508,0.0021508,0.0021508,0.0021508,0.0021508,0.0021508,0.0021508,0.0021508,0.0021508,0.0021508,0.0021508,0.0021508,0.0021508,0.0021508,0.0021508,0.0021508,0.0021508,0.0021508,0.0021508,0.0021508,0.0021508,0.0021508,0.0021508,0.0021508,0.0021508,0.0021508,0.0021508,0.0021508,0.0021508,0.0021508,0.0021508,0.0021508,0.0021508,0.0021508,0.0021508,0.0021508,0.0021508,0.0021508,0.0021508,0.0021508,0.0021508,0.0021508,0.0021508,0.0021508,0.0021508,0.0021508,0.0021508,0.0021508,0.0021508,0.0021508,0.0021508,0.0021508,0.0021508,0.0021508,0.0021508,0.0021508,0.0021508,0.0021508,0.0021508,0.0021508,0.0021508,0.0021508,0.0021508,0.0021508,0.0021508,0.0021508,0.0021508,0.0021508,0.0021508,0.0021508,0.0021508,0.0021508,0.0021508,0.0021508,0.0021508,0.0021508,0.0021508,0.0021508,0.0021508,0.0021508,0.0021508,0.0021508,0.0021508,0.0021508,0.0021508,0.0021508,0.0021508,0.0021508,0.0021508,0.0021508,0.0021508,0.0021508,0.0021508,0.0021508,0.0021508,0.0021508,0.0021508,0.0021508,0.0021508,0.0021508,0.0021508
0.0021508,0.0021508,0.0021508,0.0021508,0.0021508,0.0021508,0.0021508,0.0021508,0.0021508,0.0021508,0.0021508,0.0021508,0.0021508,0.0021508,0.0021508,0.0021508,0.0021508,0.0021508,0.0021508,0.0021508,0.0021508,0.0021508,0.0021508,0.0021508,0.0021508,0.0021508,0.0021508,0.0021508,0.0021508,0.0021508,0.0021508,0.0021508,0.0021508,0.0021508,0.0021508,0.0021508,0.0021508,0.0021508,0.0021508,0.0021508,0.0021508,0.0021508,0.0021508,0.0021508,0.0021508,0.0021508,0.0021508,0.0021508,0.0021508,0.0021508,0.0021508,0.0021508,0.0021508,0.0021508,0.0021508,0.0021508,0.0021508,0.0021508,0.0021508,0.0021508,0.0021508,0.0021508,0.0021508,0.0021508,0.0021508,0.0021508,0.0021508,0.0021508,0.0021508,0.0021508,0.0021508,0.0021508,0.0021508,0.0021508,0.0021508,0.0021508,0.0021508,0.0021508,0.0021508,0.0021508,0.0021508,0.0021508,0.0021508,0.0021508,0.0021508,0.0021508,0.0021508,0.0021508,0.0021508,0.0021508,0.0021508,0.0021508,0.0021508,0.0021508,0.0021508,0.0021508,0.0021508,0.0021508,0.0021508,0.0021508,0.0021508,0.0021508,0.0021508,0.0021508,0.0021508,0.0021508,0.0021508,0.0021508,0.0021508,0.0021508,0.0021508,0.0021508,0.0021508,0.0021508,0.0021508,0.0021508,0.0021508,0.0021508,0.0021508,0.0021508,0.0021508,0.0021508,0.0021508,0.0021508,0.0021508,0.0021508,0.0021508,0.0021508
0.0021508,0.0021508,0.0021508,0.0021508,0.0021508,0.0021508,0.0021508,0.0021508,0.0021508,0.0021508,0.0021508,0.0021508,0.0021508,0.0021508,0.0021508,0.0021508,0.0021508,0.0021508,0.0021508,0.0021508,0.0021508,0.0021508,0.0021508,0.0021508,0.0021508,0.0021508,0.0021508,0.0021508,0.0021508,0.0021508,0.0021508,0.0021508,0.0021508,0.0021508,0.0021508,0.0021508,0.0021508,0.0021508,0.0021508,0.0021508,0.0021508,0.0021508,0.0021508,0.0021508,0.0021508,0.0021508,0.0021508,0.0021508,0.0021508,0.0021508,0.0021508,0.0021508,0.0021508,0.0021508,0.0021508,0.0021508,0.0021508,0.0021508,0.0021508,0.0021508,0.0021508,0.0021508,0.0021508,0.0021508,0.0021508,0.0021508,0.0021508,0.0021508,0.0021508,0.0021508,0.0021508,0.0021508,0.0021508,0.0021508,0.0021508,0.0021508,0.0021508,0.0021508,0.0021508,0.0021508,0.0021508,0.0021508,0.0021508,0.0021508,0.0021508,0.0021508,0.0021508,0.0021508,0.0021508,0.0021508,0.0021508,0.0021508,0.0021508,0.0021508,0.0021508,0.0021508,0.0021508,0.0021508,0.0021508,0.0021508,0.0021508,0.0021508,0.0021508,0.0021508,0.0021508,0.0021508,0.0021508,0.0021508,0.0021508,0.0021508,0.0021508,0.0021508,0.0021508,0.0021508,0.0021508,0.0021508,0.0021508,0.0021508,0.0021508,0.0021508,0.0021508,0.0021508,0.0021508,0.0021508,0.0021508,0.0021508,0.0021508,0.0021508
0.0021508,0.0021508,0.0021508,0.0021508,0.0021508,0.0021508,0.0021508,0.0021508,0.0021508,0.0021508,0.0021508,0.0021508,0.0021508,0.0021508,0.0021508,0.0021508,0.0021508,0.0021508,0.0021508,0.0021508,0.0021508,0.0021508,0.0021508,0.0021508,0.0021508,0.0021508,0.0021508,0.0021508,0.0021508,0.0021508,0.0021508,0.0021508,0.0021508,0.0021508,0.0021508,0.0021508,0.0021508,0.0021508,0.0021508,0.0021508,0.0021508,0.0021508,0.0021508,0.0021508,0.0021508,0.0021508,0.0021508,0.0021508,0.0021508,0.0021508,0.0021508,0.0021508,0.0021508,0.0021508,0.0021508,0.0021508,0.0021508,0.0021508,0.0021508,0.0021508,0.0021508,0.0021508,0.0021508,0.0021508,0.0021508,0.0021508,0.0021508,0.0021508,0.0021508,0.0021508,0.0021508,0.0021508,0.0021508,0.0021508,0.0021508,0.0021508,0.0021508,0.0021508,0.0021508,0.0021508,0.0021508,0.0021508,0.0021508,0.0021508,0.0021508,0.0021508,0.0021508,0.0021508,0.0021508,0.0021508,0.0021508,0.0021508,0.0021508,0.0021508,0.0021508,0.0021508,0.0021508,0.0021508,0.0021508,0.0021508,0.0021508,0.0021508,0.0021508,0.0021508,0.0021508,0.0021508,0.0021508,0.0021508,0.0021508,0.0021508,0.0021508,0.0021508,0.0021508,0.0021508,0.0021508,0.0021508,0.0021508,0.0021508,0.0021508,0.0021508,0.0021508,0.0021508,0.0021508,0.0021508,0.0021508,0.0021508,0.0021508,0.0021508
0.0021508,0.0021508,0.0021508,0.0021508,0.0021508,0.0021508,0.0021508,0.0021508,0.0021508,0.0021508,0.0021508,0.0021508,0.0021508,0.0021508,0.0021508,0.0021508,0.0021508,0.0021508,0.0021508,0.0021508,0.0021508,0.0021508,0.0021508,0.0021508,0.0021508,0.0021508,0.0021508,0.0021508,0.0021508,0.0021508,0.0021508,0.0021508,0.0021508,0.0021508,0.0021508,0.0021508,0.0021508,0.0021508,0.0021508,0.0021508,0.0021508,0.0021508,0.0021508,0.0021508,0.0021508,0.0021508,0.0021508,0.0021508,0.0021508,0.0021508,0.0021508,0.0021508,0.0021508,0.0021508,0.0021508,0.0021508,0.0021508,0.0021508,0.0021508,0.0021508,0.0021508,0.0021508,0.0021508,0.0021508,0.0021508,0.0021508,0.0021508,0.0021508,0.0021508,0.0021508,0.0021508,0.0021508,0.0021508,0.0021508,0.0021508,0.0021508,0.0021508,0.0021508,0.0021508,0.0021508,0.0021508,0.0021508,0.0021508,0.0021508,0.0021508,0.0021508,0.0021508,0.0021508,0.0021508,0.0021508,0.0021508,0.0021508,0.0021508,0.0021508,0.0021508,0.0021508,0.0021508,0.0021508,0.0021508,0.0021508,0.0021508,0.0021508,0.0021508,0.0021508,0.0021508,0.0021508,0.0021508,0.0021508,0.0021508,0.0021508,0.0021508,0.0021508,0.0021508,0.0021508,0.0021508,0.0021508,0.0021508,0.0021508,0.0021508,0.0021508,0.0021508,0.0021508,0.0021508,0.0021508,0.0021508,0.0021508,0.0021508,0.0021508
0.0021508,0.0021508,0.0021508,0.0021508,0.0021508,0.0021508,0.0021508,0.0021508,0.0021508,0.0021508,0.0021508,0.0021508,0.0021508,0.0021508,0.0021508,0.0021508,0.0021508,0.0021508,0.0021508,0.0021508,0.0021508,0.0021508,0.0021508,0.0021508,0.0021508,0.0021508,0.0021508,0.0021508,0.0021508,0.0021508,0.0021508,0.0021508,0.0021508,0.0021508,0.0021508,0.0021508,0.0021508,0.0021508,0.0021508,0.0021508,0.0021508,0.0021508,0.0021508,0.0021508,0.0021508,0.0021508,0.0021508,0.0021508,0.0021508,0.0021508,0.0021508,0.0021508,0.0021508,0.0021508,0.0021508,0.0021508,0.0021508,0.0021508,0.0021508,0.0021508,0.0021508,0.0021508,0.0021508,0.0021508,0.0021508,0.0021508,0.0021508,0.0021508,0.0021508,0.0021508,0.0021508,0.0021508,0.0021508,0.0021508,0.0021508,0.0021508,0.0021508,0.0021508,0.0021508,0.0021508,0.0021508,0.0021508,0.0021508,0.0021508,0.0021508,0.0021508,0.0021508,0.0021508,0.0021508,0.0021508,0.0021508,0.0021508,0.0021508,0.0021508,0.0021508,0.0021508,0.0021508,0.0021508,0.0021508,0.0021508,0.0021508,0.0021508,0.0021508,0.0021508,0.0021508,0.0021508,0.0021508,0.0021508,0.0021508,0.0021508,0.0021508,0.0021508,0.0021508,0.0021508,0.0021508,0.0021508,0.0021508,0.0021508,0.0021508,0.0021508,0.0021508,0.0021508,0.0021508,0.0021508,0.0021508,0.0021508,0.0021508,0.0021508
0.0021508,0.0021508,0.0021508,0.0021508,0.0021508,0.0021508,0.0021508,0.0021508,0.0021508,0.0021508,0.0021508,0.0021508,0.0021508,0.0021508,0.0021508,0.0021508,0.0021508,0.0021508,0.0021508,0.0021508,0.0021508,0.0021508,0.0021508,0.0021508,0.0021508,0.0021508,0.0021508,0.0021508,0.0021508,0.0021508,0.0021508,0.0021508,0.0021508,0.0021508,0.0021508,0.0021508,0.0021508,0.0021508,0.0021508,0.0021508,0.0021508,0.0021508,0.0021508,0.0021508,0.0021508,0.0021508,0.0021508,0.0021508,0.0021508,0.0021508,0.0021508,0.0021508,0.0021508,0.0021508,0.0021508,0.0021508,0.0021508,0.0021508,0.0021508,0.0021508,0.0021508,0.0021508,0.0021508,0.0021508,0.0021508,0.0021508,0.0021508,0.0021508,0.0021508,0.0021508,0.0021508,0.0021508,0.0021508,0.0021508,0.0021508,0.0021508,0.0021508,0.0021508,0.0021508,0.0021508,0.0021508,0.0021508,0.0021508,0.0021508,0.0021508,0.0021508,0.0021508,0.0021508,0.0021508,0.0021508,0.0021508,0.0021508,0.0021508,0.0021508,0.0021508,0.0021508,0.0021508,0.0021508,0.0021508,0.0021508,0.0021508,0.0021508,0.0021508,0.0021508,0.0021508,0.0021508,0.0021508,0.0021508,0.0021508,0.0021508,0.0021508,0.0021508,0.0021508,0.0021508,0.0021508,0.0021508,0.0021508,0.0021508,0.0021508,0.0021508,0.0021508,0.0021508,0.0021508,0.0021508,0.0021508,0.0021508,0.0021508,0.0021508
0.0021508,0.0021508,0.0021508,0.0021508,0.0021508,0.0021508,0.0021508,0.0021508,0.0021508,0.0021508,0.0021508,0.0021508,0.0021508,0.0021508,0.0021508,0.0021508,0.0021508,0.0021508,0.0021508,0.0021508,0.0021508,0.0021508,0.0021508,0.0021508,0.0021508,0.0021508,0.0021508,0.0021508,0.0021508,0.0021508,0.0021508,0.0021508,0.0021508,0.0021508,0.0021508,0.0021508,0.0021508,0.0021508,0.0021508,0.0021508,0.0021508,0.0021508,0.0021508,0.0021508,0.0021508,0.0021508,0.0021508,0.0021508,0.0021508,0.0021508,0.0021508,0.0021508,0.0021508,0.0021508,0.0021508,0.0021508,0.0021508,0.0021508,0.0021508,0.0021508,0.0021508,0.0021508,0.0021508,0.0021508,0.0021508,0.0021508,0.0021508,0.0021508,0.0021508,0.0021508,0.0021508,0.0021508,0.0021508,0.0021508,0.0021508,0.0021508,0.0021508,0.0021508,0.0021508,0.0021508,0.0021508,0.0021508,0.0021508,0.0021508,0.0021508,0.0021508,0.0021508,0.0021508,0.0021508,0.0021508,0.0021508,0.0021508,0.0021508,0.0021508,0.0021508,0.0021508,0.0021508,0.0021508,0.0021508,0.0021508,0.0021508,0.0021508,0.0021508,0.0021508,0.0021508,0.0021508,0.0021508,0.0021508,0.0021508,0.0021508,0.0021508,0.0021508,0.0021508,0.0021508,0.0021508,0.0021508,0.0021508,0.0021508,0.0021508,0.0021508,0.0021508,0.0021508,0.0021508,0.0021508,0.0021508,0.0021508,0.0021508,0.0021508
0.0021508,0.0021508,0.0021508,0.0021508,0.0021508,0.0021508,0.0021508,0.0021508,0.0021508,0.0021508,0.0021508,0.0021508,0.0021508,0.0021508,0.0021508,0.0021508,0.0021508,0.0021508,0.0021508,0.0021508,0.0021508,0.0021508,0.0021508,0.0021508,0.0021508,0.0021508,0.0021508,0.0021508,0.0021508,0.0021508,0.0021508,0.0021508,0.0021508,0.0021508,0.0021508,0.0021508,0.0021508,0.0021508,0.0021508,0.0021508,0.0021508,0.0021508,0.0021508,0.0021508,0.0021508,0.0021508,0.0021508,0.0021508,0.0021508,0.0021508,0.0021508,0.0021508,0.0021508,0.0021508,0.0021508,0.0021508,0.0021508,0.0021508,0.0021508,0.0021508,0.0021508,0.0021508,0.0021508,0.0021508,0.0021508,0.0021508,0.0021508,0.0021508,0.0021508,0.0021508,0.0021508,0.0021508,0.0021508,0.0021508,0.0021508,0.0021508,0.0021508,0.0021508,0.0021508,0.0021508,0.0021508,0.0021508,0.0021508,0.0021508,0.0021508,0.0021508,0.0021508,0.0021508,0.0021508,0.0021508,0.0021508,0.0021508,0.0021508,0.0021508,0.0021508,0.0021508,0.0021508,0.0021508,0.0021508,0.0021508,0.0021508,0.0021508,0.0021508,0.0021508,0.0021508,0.0021508,0.0021508,0.0021508,0.0021508,0.0021508,0.0021508,0.0021508,0.0021508,0.0021508,0.0021508,0.0021508,0.0021508,0.0021508,0.0021508,0.0021508,0.0021508,0.0021508,0.0021508,0.0021508,0.0021508,0.0021508,0.0021508,0.0021508
0.0021508,0.0021508,0.0021508,0.0021508,0.0021508,0.0021508,0.0021508,0.0021508,0.0021508,0.0021508,0.0021508,0.0021508,0.0021508,0.0021508,0.0021508,0.0021508,0.0021508,0.0021508,0.0021508,0.0021508,0.0021508,0.0021508,0.0021508,0.0021508,0.0021508,0.0021508,0.0021508,0.0021508,0.0021508,0.0021508,0.0021508,0.0021508,0.0021508,0.0021508,0.0021508,0.0021508,0.0021508,0.0021508,0.0021508,0.0021508,0.0021508,0.0021508,0.0021508,0.0021508,0.0021508,0.0021508,0.0021508,0.0021508,0.0021508,0.0021508,0.0021508,0.0021508,0.0021508,0.0021508,0.0021508,0.0021508,0.0021508,0.0021508,0.0021508,0.0021508,0.0021508,0.0021508,0.0021508,0.0021508,0.0021508,0.0021508,0.0021508,0.0021508,0.0021508,0.0021508,0.0021508,0.0021508,0.0021508,0.0021508,0.0021508,0.0021508,0.0021508,0.0021508,0.0021508,0.0021508,0.0021508,0.0021508,0.0021508,0.0021508,0.0021508,0.0021508,0.0021508,0.0021508,0.0021508,0.0021508,0.0021508,0.0021508,0.0021508,0.0021508,0.0021508,0.0021508,0.0021508,0.0021508,0.0021508,0.0021508,0.0021508,0.0021508,0.0021508,0.0021508,0.0021508,0.0021508,0.0021508,0.0021508,0.0021508,0.0021508,0.0021508,0.0021508,0.0021508,0.0021508,0.0021508,0.0021508,0.0021508,0.0021508,0.0021508,0.0021508,0.0021508,0.0021508,0.0021508,0.0021508,0.0021508,0.0021508,0.0021508,0.0021508
